# Circles dataset
# Created by Giuseppe Vettigli


format=nodenumber,nodelabel,links,label
indegree=0
outdegree=1
dim_label=2

graph: Acircle_2_10_1
2 0.58056     0.63872 1 *
1 0.83872     0.56436 0 *
0 0.84179      0.5481 2 A
graph: Acircle_2_10_2
2 0.54384     0.92072 1 *
1 0.068507      0.1336 0 *
0 0.24272     0.91422 2 A
graph: Acircle_2_10_3
2 0.46551     0.49888 1 *
1 0.03798     0.88079 0 *
0 0.41797     0.23364 2 A
graph: Acircle_2_10_4
2 0.46998     0.61621 1 *
1 0.47109     0.63981 0 *
0 0.16983     0.45182 2 A
graph: Acircle_2_10_5
2 0.36728     0.91819 1 *
1 0.5676     0.10102 0 *
0 0.5651     0.32525 2 A
graph: Acircle_2_10_6
2 0.80999     0.71798 1 *
1 0.8233     0.32791 0 *
0 0.28502      0.9433 2 A
graph: Acircle_2_10_7
2 0.43124     0.33384 1 *
1 0.23435      0.6573 0 *
0 0.81435     0.37543 2 A
graph: Acircle_2_10_8
2 0.9517     0.66842 1 *
1 0.32063    0.036157 0 *
0 0.75901     0.95106 2 A
graph: Acircle_2_10_9
2 0.53508     0.95682 1 *
1 0.63483     0.58776 0 *
0 0.54524     0.14545 2 A
graph: Acircle_2_10_10
2 0.42502     0.64494 1 *
1 0.10102     0.40698 0 *
0 0.8052     0.68724 2 A
graph: Bcircle_10_10_1
10 0.16472    0.031891 9 *
9 0.54826     0.31978 8 *
8 0.87672     0.19513 7 *
7 0.29176     0.61081 6 *
6 0.15861     0.55906 5 *
5 0.33368     0.14555 4 *
4 0.68321     0.22601 3 *
3 0.71133     0.38698 2 *
2 0.30281     0.22533 1 *
1 0.37011     0.45492 0 *
0 0.78101    0.029994 10 B
graph: Bcircle_10_10_2
10 0.83186     0.75841 9 *
9 0.17098      0.4095 8 *
8 0.91604     0.67676 7 *
7 0.03304    0.068278 6 *
6 0.54259     0.61786 5 *
5 0.39839     0.46713 4 *
4 0.45698     0.91401 3 *
3 0.16657     0.74176 2 *
2 0.56999     0.31271 1 *
1 0.069538     0.88606 0 *
0 0.77388     0.84475 10 B
graph: Bcircle_10_10_3
10 0.30274     0.20177 9 *
9 0.085508     0.58556 8 *
8 0.33449      0.6612 7 *
7 0.11272     0.21908 6 *
6 0.59731     0.35548 5 *
5 0.44407     0.99858 4 *
4 0.15422     0.98715 3 *
3 0.5411    0.017287 2 *
2 0.82087    0.051966 1 *
1 0.77565      0.3164 0 *
0 0.67765    0.080903 10 B
graph: Bcircle_10_10_4
10 0.51332     0.61317 9 *
9 0.48283     0.74199 8 *
8 0.70314     0.18539 7 *
7 0.4948    0.067535 6 *
6 0.27126     0.99606 5 *
5 0.96677     0.01988 4 *
4 0.55433     0.93518 3 *
3 0.65112     0.76633 2 *
2 0.084905     0.80066 1 *
1 0.38178      0.0529 0 *
0 0.79302     0.14658 10 B
graph: Bcircle_10_10_5
10 0.7049     0.94668 9 *
9 0.59504     0.53737 8 *
8 0.82981     0.88435 7 *
7 0.36308    0.086604 6 *
6 0.049481     0.46252 5 *
5 0.031181     0.89456 4 *
4 0.47927     0.43037 3 *
3 0.75463     0.51858 2 *
2 0.87721    0.014335 1 *
1 0.83791   0.0027773 0 *
0 0.2286    0.057725 10 B
graph: Bcircle_10_10_6
10 0.27929     0.80882 9 *
9 0.77644      0.4378 8 *
8 0.39991     0.24439 7 *
7 0.16494     0.51757 6 *
6 0.16661     0.13963 5 *
5 0.45052     0.41456 4 *
4 0.29918     0.50506 3 *
3 0.007434     0.29219 2 *
2 0.038137     0.62259 1 *
1 0.071888     0.15419 0 *
0 0.13025     0.40589 10 B
graph: Bcircle_10_10_7
10 0.55831     0.75895 9 *
9 0.039335     0.69689 8 *
8 0.73553     0.29918 7 *
7 0.92231     0.58994 6 *
6 0.11288     0.38675 5 *
5 0.48089     0.95402 4 *
4 0.16581     0.47065 3 *
3 0.23651     0.17293 2 *
2 0.6042     0.62226 1 *
1 0.71288     0.95771 0 *
0 0.6108     0.22404 10 B
graph: Bcircle_10_10_8
10 0.27099     0.44433 9 *
9 0.047242     0.15432 8 *
8 0.070325     0.92031 7 *
7 0.14281     0.36151 6 *
6 0.89474     0.66026 5 *
5 0.62624     0.95745 4 *
4 0.56958     0.28623 3 *
3 0.1507     0.97384 2 *
2 0.65127     0.54516 1 *
1 0.5804     0.90286 0 *
0 0.19747     0.18526 10 B
graph: Bcircle_10_10_9
10 0.34039     0.43606 9 *
9 0.87159    0.035233 8 *
8 0.99747     0.40824 7 *
7 0.81158     0.94904 6 *
6 0.03695      0.4022 5 *
5 0.10289     0.79717 4 *
4 0.020698     0.66696 3 *
3 0.4825      0.5898 2 *
2 0.22174     0.83178 1 *
1 0.48147     0.55319 0 *
0 0.35727     0.30512 10 B
graph: Bcircle_10_10_10
10 0.22294     0.59416 9 *
9 0.69492       0.724 8 *
8 0.32711     0.74817 7 *
7 0.059717     0.52027 6 *
6 0.097318     0.17456 5 *
5 0.67629     0.85382 4 *
4 0.72271    0.094543 3 *
3 0.94137     0.47725 2 *
2 0.90628     0.31472 1 *
1 0.77333     0.84409 0 *
0 0.89684     0.20225 10 B
