# Converted from ESSEN midi dataset, sequences trees
# Converted by Giuseppe Vettigli


format=nodenumber,nodelabel,links,label
indegree=0
outdegree=1
dim_label=1


graph: A0001.mid_0
0 2.008457 1 r
1 0.000000 2 *
2 3.000000 3 *
3 0.000000 4 *
4 2.000000 5 *
5 0.000000 6 *
6 2.000000 7 *
7 0.000000 8 *
8 0.000000 9 *
9 0.000000 10 *
10 0.000000 11 *
11 2.000000 12 *
12 1.000000 13 *
13 -3.000000 14 *
14 0.000000 15 *
15 0.000000 16 *
16 0.000000 17 *
17 2.000000 18 *
18 1.000000 19 *
19 -3.000000 20 *
20 1.000000 21 *
21 -1.000000 22 *
22 0.000000 23 *
23 -2.000000 24 *
24 -2.000000 25 *
25 4.000000 26 *
26 -4.000000 27 *
27 0.000000 28 *
28 0.000000 29 *
29 0.000000 30 *
30 0.000000 31 *
31 2.000000 32 *
32 0.000000 33 *
33 2.000000 34 *
34 0.000000 35 *
35 0.000000 36 *
36 -2.000000 37 *
37 -2.000000 38 *
38 0.000000 39 *
39 0.000000 40 *
40 -1.000000 41 *
41 -2.000000 42 *
42 7.000000 43 *
43 0.000000 44 *
44 -2.000000 45 *
45 -2.000000 46 *
46 4.000000 47 *
47 1.000000 48 *
48 -1.000000 49 *
49 0.000000 50 *
50 -4.000000 51 *
51 2.000000 52 *
52 2.000000 53 *
53 -2.000000 54 *
54 -2.000000 55 *
55 0.000000 56 *
56 -3.000000 57 *
57 0.000000 58 *
58 -3.000000 59 *
59 2.000000 60 *
60 1.000000 - *
graph: A0004C.mid_1
0 2.500633 1 r
1 5.000000 2 *
2 0.000000 3 *
3 -5.000000 4 *
4 5.000000 5 *
5 0.000000 6 *
6 0.000000 7 *
7 2.000000 8 *
8 1.000000 9 *
9 0.000000 10 *
10 -1.000000 11 *
11 -2.000000 12 *
12 3.000000 13 *
13 0.000000 14 *
14 0.000000 15 *
15 0.000000 16 *
16 0.000000 17 *
17 2.000000 18 *
18 -2.000000 19 *
19 -1.000000 20 *
20 -2.000000 21 *
21 3.000000 22 *
22 -1.000000 23 *
23 -2.000000 24 *
24 0.000000 25 *
25 -5.000000 26 *
26 0.000000 27 *
27 5.000000 28 *
28 0.000000 29 *
29 -5.000000 30 *
30 5.000000 31 *
31 0.000000 32 *
32 0.000000 33 *
33 2.000000 34 *
34 1.000000 35 *
35 0.000000 36 *
36 -1.000000 37 *
37 -2.000000 38 *
38 3.000000 39 *
39 0.000000 40 *
40 0.000000 41 *
41 0.000000 42 *
42 0.000000 43 *
43 2.000000 44 *
44 -2.000000 45 *
45 -1.000000 46 *
46 -2.000000 47 *
47 3.000000 48 *
48 -1.000000 49 *
49 -2.000000 50 *
50 0.000000 51 *
51 -5.000000 52 *
52 0.000000 53 *
53 7.000000 54 *
54 3.000000 55 *
55 -2.000000 56 *
56 -1.000000 57 *
57 -2.000000 58 *
58 -2.000000 59 *
59 0.000000 60 *
60 0.000000 61 *
61 -3.000000 62 *
62 -4.000000 63 *
63 7.000000 64 *
64 0.000000 65 *
65 0.000000 66 *
66 0.000000 67 *
67 0.000000 68 *
68 0.000000 69 *
69 2.000000 70 *
70 -2.000000 71 *
71 2.000000 72 *
72 2.000000 73 *
73 1.000000 74 *
74 -1.000000 75 *
75 -2.000000 76 *
76 -2.000000 77 *
77 2.000000 78 *
78 -5.000000 79 *
79 1.000000 80 *
80 -1.000000 - *
graph: A0008.mid_2
0 2.716950 1 r
1 0.000000 2 *
2 2.000000 3 *
3 1.000000 4 *
4 -3.000000 5 *
5 -5.000000 6 *
6 5.000000 7 *
7 2.000000 8 *
8 -2.000000 9 *
9 0.000000 10 *
10 2.000000 11 *
11 1.000000 12 *
12 -3.000000 13 *
13 -5.000000 14 *
14 5.000000 15 *
15 2.000000 16 *
16 -2.000000 17 *
17 0.000000 18 *
18 3.000000 19 *
19 -1.000000 20 *
20 -4.000000 21 *
21 -3.000000 22 *
22 3.000000 23 *
23 2.000000 24 *
24 -2.000000 25 *
25 0.000000 26 *
26 2.000000 27 *
27 2.000000 28 *
28 -4.000000 29 *
29 -1.000000 30 *
30 -2.000000 31 *
31 2.000000 32 *
32 -2.000000 33 *
33 -4.000000 34 *
34 2.000000 35 *
35 2.000000 36 *
36 0.000000 37 *
37 1.000000 38 *
38 2.000000 39 *
39 2.000000 40 *
40 -2.000000 41 *
41 2.000000 42 *
42 0.000000 43 *
43 -5.000000 44 *
44 0.000000 45 *
45 5.000000 46 *
46 2.000000 47 *
47 1.000000 48 *
48 -1.000000 49 *
49 -2.000000 50 *
50 2.000000 51 *
51 1.000000 52 *
52 -3.000000 53 *
53 -5.000000 54 *
54 5.000000 55 *
55 2.000000 56 *
56 -2.000000 - *
graph: A0013A.mid_3
0 2.572039 1 r
1 0.000000 2 *
2 0.000000 3 *
3 5.000000 4 *
4 0.000000 5 *
5 -2.000000 6 *
6 2.000000 7 *
7 2.000000 8 *
8 1.000000 9 *
9 -1.000000 10 *
10 -2.000000 11 *
11 0.000000 12 *
12 -2.000000 13 *
13 -2.000000 14 *
14 -1.000000 15 *
15 5.000000 16 *
16 -2.000000 17 *
17 -2.000000 18 *
18 -1.000000 19 *
19 5.000000 20 *
20 2.000000 21 *
21 1.000000 22 *
22 -1.000000 23 *
23 -2.000000 24 *
24 -2.000000 25 *
25 2.000000 26 *
26 -5.000000 27 *
27 -2.000000 28 *
28 -2.000000 29 *
29 7.000000 30 *
30 -2.000000 31 *
31 -1.000000 32 *
32 1.000000 33 *
33 2.000000 34 *
34 2.000000 35 *
35 2.000000 36 *
36 -2.000000 37 *
37 -2.000000 38 *
38 2.000000 39 *
39 -4.000000 40 *
40 -1.000000 - *
graph: A0014.mid_4
0 3.247377 1 r
1 -5.000000 2 *
2 0.000000 3 *
3 0.000000 4 *
4 5.000000 5 *
5 2.000000 6 *
6 1.000000 7 *
7 -1.000000 8 *
8 -2.000000 9 *
9 7.000000 10 *
10 0.000000 11 *
11 0.000000 12 *
12 -2.000000 13 *
13 0.000000 14 *
14 2.000000 15 *
15 -2.000000 16 *
16 -2.000000 17 *
17 7.000000 18 *
18 0.000000 19 *
19 0.000000 20 *
20 -7.000000 21 *
21 0.000000 22 *
22 5.000000 23 *
23 -1.000000 24 *
24 -2.000000 25 *
25 -7.000000 26 *
26 0.000000 27 *
27 0.000000 28 *
28 5.000000 29 *
29 2.000000 30 *
30 2.000000 31 *
31 -2.000000 32 *
32 -2.000000 33 *
33 -1.000000 34 *
34 -2.000000 - *
graph: A0015A.mid_5
0 1.865873 1 r
1 0.000000 2 *
2 -3.000000 3 *
3 1.000000 4 *
4 2.000000 5 *
5 0.000000 6 *
6 2.000000 7 *
7 -2.000000 8 *
8 -2.000000 9 *
9 -1.000000 10 *
10 3.000000 11 *
11 -2.000000 12 *
12 -1.000000 13 *
13 -2.000000 14 *
14 -2.000000 15 *
15 2.000000 16 *
16 2.000000 17 *
17 1.000000 18 *
18 2.000000 19 *
19 2.000000 20 *
20 0.000000 21 *
21 1.000000 22 *
22 -1.000000 23 *
23 -2.000000 24 *
24 2.000000 25 *
25 -2.000000 26 *
26 -3.000000 27 *
27 1.000000 28 *
28 2.000000 - *
graph: A0015B.mid_6
0 1.587998 1 r
1 -2.000000 2 *
2 -1.000000 3 *
3 1.000000 4 *
4 2.000000 5 *
5 2.000000 6 *
6 -2.000000 7 *
7 -2.000000 8 *
8 -1.000000 9 *
9 0.000000 10 *
10 1.000000 11 *
11 -1.000000 12 *
12 -2.000000 13 *
13 2.000000 14 *
14 1.000000 15 *
15 2.000000 16 *
16 2.000000 17 *
17 0.000000 18 *
18 1.000000 19 *
19 -1.000000 20 *
20 -2.000000 21 *
21 2.000000 22 *
22 -2.000000 23 *
23 -1.000000 24 *
24 1.000000 - *
graph: A0017.mid_7
0 2.605356 1 r
1 0.000000 2 *
2 0.000000 3 *
3 5.000000 4 *
4 -1.000000 5 *
5 -2.000000 6 *
6 3.000000 7 *
7 2.000000 8 *
8 -3.000000 9 *
9 -2.000000 10 *
10 7.000000 11 *
11 -2.000000 12 *
12 0.000000 13 *
13 -3.000000 14 *
14 0.000000 15 *
15 1.000000 16 *
16 2.000000 17 *
17 -3.000000 18 *
18 -2.000000 19 *
19 -2.000000 20 *
20 4.000000 21 *
21 1.000000 22 *
22 2.000000 23 *
23 2.000000 24 *
24 -2.000000 25 *
25 -2.000000 26 *
26 -1.000000 27 *
27 -2.000000 28 *
28 -2.000000 29 *
29 2.000000 30 *
30 5.000000 31 *
31 -2.000000 32 *
32 -1.000000 33 *
33 -2.000000 34 *
34 -2.000000 - *
graph: A0018.mid_8
0 2.361304 1 r
1 0.000000 2 *
2 0.000000 3 *
3 0.000000 4 *
4 0.000000 5 *
5 5.000000 6 *
6 2.000000 7 *
7 -4.000000 8 *
8 -1.000000 9 *
9 -2.000000 10 *
10 5.000000 11 *
11 2.000000 12 *
12 -2.000000 13 *
13 -2.000000 14 *
14 -1.000000 15 *
15 1.000000 16 *
16 -1.000000 17 *
17 3.000000 18 *
18 2.000000 19 *
19 -2.000000 20 *
20 -2.000000 21 *
21 -1.000000 22 *
22 -2.000000 23 *
23 5.000000 24 *
24 2.000000 25 *
25 -4.000000 26 *
26 -1.000000 27 *
27 -2.000000 28 *
28 -1.000000 29 *
29 1.000000 30 *
30 3.000000 31 *
31 -1.000000 32 *
32 -2.000000 33 *
33 -1.000000 34 *
34 1.000000 - *
graph: A0019.mid_9
0 2.194613 1 r
1 0.000000 2 *
2 3.000000 3 *
3 0.000000 4 *
4 2.000000 5 *
5 0.000000 6 *
6 2.000000 7 *
7 0.000000 8 *
8 0.000000 9 *
9 3.000000 10 *
10 0.000000 11 *
11 -2.000000 12 *
12 -3.000000 13 *
13 2.000000 14 *
14 -2.000000 15 *
15 0.000000 16 *
16 2.000000 17 *
17 0.000000 18 *
18 0.000000 19 *
19 3.000000 20 *
20 -2.000000 21 *
21 -1.000000 22 *
22 0.000000 23 *
23 -2.000000 24 *
24 -2.000000 25 *
25 4.000000 26 *
26 -4.000000 27 *
27 -1.000000 28 *
28 -2.000000 29 *
29 7.000000 30 *
30 -2.000000 31 *
31 0.000000 32 *
32 -2.000000 33 *
33 -3.000000 34 *
34 2.000000 35 *
35 1.000000 36 *
36 2.000000 37 *
37 0.000000 38 *
38 0.000000 39 *
39 0.000000 40 *
40 0.000000 41 *
41 2.000000 42 *
42 1.000000 43 *
43 -1.000000 44 *
44 0.000000 45 *
45 -2.000000 46 *
46 -2.000000 47 *
47 4.000000 48 *
48 -4.000000 49 *
49 -1.000000 50 *
50 -2.000000 - *
graph: A0021.mid_10
0 2.581989 1 r
1 0.000000 2 *
2 0.000000 3 *
3 0.000000 4 *
4 2.000000 5 *
5 2.000000 6 *
6 1.000000 7 *
7 0.000000 8 *
8 -1.000000 9 *
9 -2.000000 10 *
10 0.000000 11 *
11 5.000000 12 *
12 0.000000 13 *
13 -2.000000 14 *
14 -5.000000 15 *
15 2.000000 16 *
16 2.000000 17 *
17 1.000000 18 *
18 -3.000000 19 *
19 3.000000 20 *
20 -1.000000 21 *
21 -2.000000 22 *
22 5.000000 23 *
23 -2.000000 24 *
24 -1.000000 25 *
25 -2.000000 26 *
26 2.000000 27 *
27 1.000000 28 *
28 2.000000 29 *
29 -7.000000 30 *
30 2.000000 31 *
31 -2.000000 - *
graph: A0022.mid_11
0 3.346640 1 r
1 -5.000000 2 *
2 5.000000 3 *
3 -1.000000 4 *
4 1.000000 5 *
5 2.000000 6 *
6 -3.000000 7 *
7 -5.000000 8 *
8 1.000000 9 *
9 5.000000 10 *
10 5.000000 11 *
11 2.000000 12 *
12 -2.000000 13 *
13 -1.000000 14 *
14 -4.000000 15 *
15 2.000000 16 *
16 2.000000 17 *
17 -4.000000 18 *
18 4.000000 19 *
19 1.000000 20 *
20 2.000000 21 *
21 -7.000000 22 *
22 2.000000 23 *
23 2.000000 24 *
24 1.000000 25 *
25 -5.000000 26 *
26 4.000000 27 *
27 -4.000000 28 *
28 2.000000 29 *
29 -2.000000 30 *
30 -1.000000 31 *
31 1.000000 - *
graph: A0023A.mid_12
0 2.317634 1 r
1 5.000000 2 *
2 0.000000 3 *
3 0.000000 4 *
4 3.000000 5 *
5 0.000000 6 *
6 4.000000 7 *
7 0.000000 8 *
8 0.000000 9 *
9 -2.000000 10 *
10 -2.000000 11 *
11 0.000000 12 *
12 0.000000 13 *
13 -1.000000 14 *
14 -2.000000 15 *
15 -2.000000 16 *
16 5.000000 17 *
17 -1.000000 18 *
18 -2.000000 19 *
19 -2.000000 20 *
20 0.000000 21 *
21 0.000000 22 *
22 -2.000000 23 *
23 -1.000000 24 *
24 3.000000 25 *
25 5.000000 26 *
26 -3.000000 27 *
27 -2.000000 28 *
28 2.000000 29 *
29 3.000000 30 *
30 2.000000 31 *
31 -2.000000 32 *
32 -1.000000 33 *
33 -2.000000 34 *
34 -2.000000 35 *
35 -2.000000 36 *
36 -1.000000 - *
graph: A0023B.mid_13
0 2.449490 1 r
1 7.000000 2 *
2 -4.000000 3 *
3 -1.000000 4 *
4 -2.000000 5 *
5 -2.000000 6 *
6 2.000000 7 *
7 2.000000 8 *
8 1.000000 9 *
9 4.000000 10 *
10 -4.000000 11 *
11 -1.000000 12 *
12 -2.000000 13 *
13 -2.000000 14 *
14 2.000000 15 *
15 2.000000 16 *
16 1.000000 17 *
17 0.000000 18 *
18 2.000000 19 *
19 2.000000 20 *
20 0.000000 21 *
21 0.000000 22 *
22 1.000000 23 *
23 -1.000000 24 *
24 0.000000 25 *
25 -2.000000 26 *
26 -3.000000 27 *
27 1.000000 28 *
28 2.000000 29 *
29 0.000000 30 *
30 0.000000 31 *
31 2.000000 32 *
32 -2.000000 33 *
33 0.000000 34 *
34 -2.000000 35 *
35 0.000000 36 *
36 -1.000000 37 *
37 -2.000000 38 *
38 7.000000 39 *
39 -2.000000 40 *
40 -2.000000 41 *
41 2.000000 42 *
42 -3.000000 43 *
43 1.000000 44 *
44 -3.000000 - *
graph: A0024A.mid_14
0 2.181426 1 r
1 0.000000 2 *
2 0.000000 3 *
3 3.000000 4 *
4 -1.000000 5 *
5 -2.000000 6 *
6 2.000000 7 *
7 1.000000 8 *
8 2.000000 9 *
9 2.000000 10 *
10 0.000000 11 *
11 -2.000000 12 *
12 -3.000000 13 *
13 1.000000 14 *
14 -3.000000 15 *
15 -2.000000 16 *
16 0.000000 17 *
17 4.000000 18 *
18 1.000000 19 *
19 2.000000 20 *
20 -2.000000 21 *
21 -3.000000 22 *
22 2.000000 23 *
23 1.000000 24 *
24 -1.000000 25 *
25 -2.000000 26 *
26 -2.000000 27 *
27 -3.000000 28 *
28 5.000000 29 *
29 -1.000000 30 *
30 1.000000 - *
graph: A0024B.mid_15
0 1.927248 1 r
1 0.000000 2 *
2 0.000000 3 *
3 2.000000 4 *
4 1.000000 5 *
5 -1.000000 6 *
6 -2.000000 7 *
7 2.000000 8 *
8 1.000000 9 *
9 2.000000 10 *
10 2.000000 11 *
11 0.000000 12 *
12 -2.000000 13 *
13 -2.000000 14 *
14 -1.000000 15 *
15 1.000000 16 *
16 -3.000000 17 *
17 -2.000000 18 *
18 0.000000 19 *
19 2.000000 20 *
20 2.000000 21 *
21 1.000000 22 *
22 2.000000 23 *
23 -2.000000 24 *
24 -1.000000 25 *
25 -2.000000 26 *
26 2.000000 27 *
27 1.000000 28 *
28 -1.000000 29 *
29 -2.000000 30 *
30 -2.000000 31 *
31 -3.000000 32 *
32 5.000000 33 *
33 -2.000000 34 *
34 0.000000 35 *
35 -1.000000 36 *
36 3.000000 - *
graph: A0024C.mid_16
0 2.032002 1 r
1 0.000000 2 *
2 0.000000 3 *
3 2.000000 4 *
4 1.000000 5 *
5 -1.000000 6 *
6 -2.000000 7 *
7 2.000000 8 *
8 1.000000 9 *
9 2.000000 10 *
10 2.000000 11 *
11 0.000000 12 *
12 -2.000000 13 *
13 -3.000000 14 *
14 1.000000 15 *
15 -3.000000 16 *
16 -2.000000 17 *
17 0.000000 18 *
18 4.000000 19 *
19 1.000000 20 *
20 2.000000 21 *
21 -2.000000 22 *
22 -3.000000 23 *
23 2.000000 24 *
24 1.000000 25 *
25 -1.000000 26 *
26 -2.000000 27 *
27 -2.000000 28 *
28 -3.000000 29 *
29 3.000000 30 *
30 2.000000 31 *
31 2.000000 32 *
32 -2.000000 - *
graph: A0025.mid_17
0 2.100903 1 r
1 0.000000 2 *
2 0.000000 3 *
3 3.000000 4 *
4 -1.000000 5 *
5 -2.000000 6 *
6 2.000000 7 *
7 1.000000 8 *
8 2.000000 9 *
9 0.000000 10 *
10 -1.000000 11 *
11 1.000000 12 *
12 -3.000000 13 *
13 1.000000 14 *
14 -1.000000 15 *
15 -2.000000 16 *
16 -2.000000 17 *
17 4.000000 18 *
18 1.000000 19 *
19 2.000000 20 *
20 -2.000000 21 *
21 -3.000000 22 *
22 2.000000 23 *
23 1.000000 24 *
24 -1.000000 25 *
25 -2.000000 26 *
26 -2.000000 27 *
27 -3.000000 28 *
28 5.000000 29 *
29 -1.000000 30 *
30 1.000000 - *
graph: A0026A.mid_18
0 2.043642 1 r
1 0.000000 2 *
2 2.000000 3 *
3 1.000000 4 *
4 -3.000000 5 *
5 2.000000 6 *
6 1.000000 7 *
7 -3.000000 8 *
8 2.000000 9 *
9 1.000000 10 *
10 2.000000 11 *
11 2.000000 12 *
12 -2.000000 13 *
13 -2.000000 14 *
14 -1.000000 15 *
15 1.000000 16 *
16 -3.000000 17 *
17 2.000000 18 *
18 1.000000 19 *
19 -1.000000 20 *
20 5.000000 21 *
21 0.000000 22 *
22 1.000000 23 *
23 -1.000000 24 *
24 -2.000000 25 *
25 -2.000000 26 *
26 -1.000000 27 *
27 1.000000 28 *
28 -1.000000 29 *
29 0.000000 30 *
30 -2.000000 31 *
31 0.000000 32 *
32 -5.000000 33 *
33 2.000000 34 *
34 2.000000 35 *
35 1.000000 - *
graph: A0026B.mid_19
0 2.047816 1 r
1 0.000000 2 *
2 0.000000 3 *
3 2.000000 4 *
4 1.000000 5 *
5 -1.000000 6 *
6 -2.000000 7 *
7 2.000000 8 *
8 1.000000 9 *
9 2.000000 10 *
10 2.000000 11 *
11 0.000000 12 *
12 -2.000000 13 *
13 -2.000000 14 *
14 -1.000000 15 *
15 1.000000 16 *
16 -3.000000 17 *
17 -2.000000 18 *
18 0.000000 19 *
19 4.000000 20 *
20 1.000000 21 *
21 2.000000 22 *
22 -2.000000 23 *
23 -3.000000 24 *
24 2.000000 25 *
25 1.000000 26 *
26 -1.000000 27 *
27 -2.000000 28 *
28 -2.000000 29 *
29 -3.000000 30 *
30 5.000000 31 *
31 -1.000000 32 *
32 1.000000 - *
graph: A0027B.mid_20
0 3.171050 1 r
1 0.000000 2 *
2 0.000000 3 *
3 2.000000 4 *
4 2.000000 5 *
5 1.000000 6 *
6 2.000000 7 *
7 -3.000000 8 *
8 -4.000000 9 *
9 0.000000 10 *
10 4.000000 11 *
11 1.000000 12 *
12 2.000000 13 *
13 -5.000000 14 *
14 -2.000000 15 *
15 -1.000000 16 *
16 -2.000000 17 *
17 -2.000000 18 *
18 12.000000 19 *
19 0.000000 20 *
20 0.000000 21 *
21 2.000000 22 *
22 -2.000000 23 *
23 0.000000 24 *
24 -2.000000 25 *
25 -1.000000 26 *
26 5.000000 27 *
27 -2.000000 28 *
28 -5.000000 29 *
29 2.000000 30 *
30 -4.000000 31 *
31 -1.000000 32 *
32 1.000000 33 *
33 2.000000 34 *
34 2.000000 35 *
35 -4.000000 36 *
36 2.000000 37 *
37 -2.000000 - *
graph: A0029.mid_21
0 2.209605 1 r
1 7.000000 2 *
2 0.000000 3 *
3 -2.000000 4 *
4 -2.000000 5 *
5 -1.000000 6 *
6 0.000000 7 *
7 5.000000 8 *
8 0.000000 9 *
9 -2.000000 10 *
10 -2.000000 11 *
11 -1.000000 12 *
12 3.000000 13 *
13 -2.000000 14 *
14 -1.000000 15 *
15 -2.000000 16 *
16 0.000000 17 *
17 -1.000000 18 *
18 1.000000 19 *
19 0.000000 20 *
20 0.000000 21 *
21 2.000000 22 *
22 1.000000 23 *
23 0.000000 24 *
24 2.000000 25 *
25 -3.000000 26 *
26 1.000000 27 *
27 2.000000 28 *
28 2.000000 29 *
29 -2.000000 30 *
30 -2.000000 31 *
31 -1.000000 32 *
32 -2.000000 33 *
33 3.000000 34 *
34 -1.000000 35 *
35 -2.000000 - *
graph: A0032.mid_22
0 2.295276 1 r
1 0.000000 2 *
2 3.000000 3 *
3 0.000000 4 *
4 0.000000 5 *
5 0.000000 6 *
6 0.000000 7 *
7 0.000000 8 *
8 2.000000 9 *
9 -2.000000 10 *
10 2.000000 11 *
11 0.000000 12 *
12 3.000000 13 *
13 0.000000 14 *
14 -1.000000 15 *
15 -2.000000 16 *
16 -2.000000 17 *
17 -2.000000 18 *
18 -1.000000 19 *
19 -2.000000 20 *
20 2.000000 21 *
21 0.000000 22 *
22 5.000000 23 *
23 0.000000 24 *
24 0.000000 25 *
25 0.000000 26 *
26 0.000000 27 *
27 -2.000000 28 *
28 -3.000000 29 *
29 -4.000000 30 *
30 0.000000 31 *
31 7.000000 32 *
32 -3.000000 33 *
33 1.000000 34 *
34 2.000000 35 *
35 2.000000 36 *
36 -2.000000 37 *
37 5.000000 38 *
38 -1.000000 39 *
39 -2.000000 40 *
40 -2.000000 41 *
41 -2.000000 42 *
42 -1.000000 - *
graph: A0033.mid_23
0 2.640346 1 r
1 2.000000 2 *
2 5.000000 3 *
3 2.000000 4 *
4 -2.000000 5 *
5 -3.000000 6 *
6 1.000000 7 *
7 -3.000000 8 *
8 2.000000 9 *
9 1.000000 10 *
10 2.000000 11 *
11 -5.000000 12 *
12 -2.000000 13 *
13 7.000000 14 *
14 2.000000 15 *
15 0.000000 16 *
16 -4.000000 17 *
17 0.000000 18 *
18 2.000000 19 *
19 0.000000 20 *
20 -2.000000 21 *
21 -1.000000 22 *
22 1.000000 23 *
23 2.000000 24 *
24 -2.000000 25 *
25 -3.000000 26 *
26 2.000000 27 *
27 0.000000 28 *
28 -4.000000 29 *
29 -1.000000 30 *
30 1.000000 31 *
31 4.000000 32 *
32 1.000000 33 *
33 -3.000000 34 *
34 -2.000000 35 *
35 -1.000000 36 *
36 1.000000 - *
graph: A0034.mid_24
0 2.086370 1 r
1 0.000000 2 *
2 0.000000 3 *
3 0.000000 4 *
4 2.000000 5 *
5 0.000000 6 *
6 1.000000 7 *
7 -3.000000 8 *
8 -2.000000 9 *
9 0.000000 10 *
10 5.000000 11 *
11 2.000000 12 *
12 2.000000 13 *
13 -2.000000 14 *
14 2.000000 15 *
15 -2.000000 16 *
16 -2.000000 17 *
17 -1.000000 18 *
18 0.000000 19 *
19 5.000000 20 *
20 0.000000 21 *
21 0.000000 22 *
22 -4.000000 23 *
23 2.000000 24 *
24 -2.000000 25 *
25 -1.000000 26 *
26 -2.000000 27 *
27 -2.000000 28 *
28 0.000000 29 *
29 2.000000 30 *
30 2.000000 31 *
31 1.000000 32 *
32 2.000000 33 *
33 -2.000000 34 *
34 -1.000000 35 *
35 -2.000000 - *
graph: A0035.mid_25
0 2.146173 1 r
1 0.000000 2 *
2 0.000000 3 *
3 0.000000 4 *
4 2.000000 5 *
5 0.000000 6 *
6 1.000000 7 *
7 -3.000000 8 *
8 -2.000000 9 *
9 0.000000 10 *
10 5.000000 11 *
11 2.000000 12 *
12 2.000000 13 *
13 -2.000000 14 *
14 2.000000 15 *
15 -2.000000 16 *
16 -2.000000 17 *
17 -1.000000 18 *
18 5.000000 19 *
19 0.000000 20 *
20 0.000000 21 *
21 -2.000000 22 *
22 2.000000 23 *
23 -2.000000 24 *
24 -3.000000 25 *
25 -4.000000 26 *
26 2.000000 27 *
27 2.000000 28 *
28 1.000000 29 *
29 2.000000 30 *
30 0.000000 31 *
31 -2.000000 32 *
32 -1.000000 33 *
33 -2.000000 34 *
34 0.000000 - *
graph: A0036.mid_26
0 2.220039 1 r
1 -2.000000 2 *
2 0.000000 3 *
3 0.000000 4 *
4 2.000000 5 *
5 2.000000 6 *
6 1.000000 7 *
7 4.000000 8 *
8 -2.000000 9 *
9 -2.000000 10 *
10 -5.000000 11 *
11 2.000000 12 *
12 2.000000 13 *
13 1.000000 14 *
14 0.000000 15 *
15 4.000000 16 *
16 3.000000 17 *
17 2.000000 18 *
18 0.000000 19 *
19 -2.000000 20 *
20 -1.000000 21 *
21 -2.000000 22 *
22 -2.000000 23 *
23 -2.000000 24 *
24 2.000000 25 *
25 2.000000 26 *
26 -2.000000 27 *
27 -2.000000 28 *
28 -1.000000 29 *
29 -2.000000 - *
graph: A0037.mid_27
0 2.246691 1 r
1 7.000000 2 *
2 -7.000000 3 *
3 2.000000 4 *
4 1.000000 5 *
5 2.000000 6 *
6 2.000000 7 *
7 0.000000 8 *
8 -2.000000 9 *
9 2.000000 10 *
10 1.000000 11 *
11 -1.000000 12 *
12 -2.000000 13 *
13 -2.000000 14 *
14 2.000000 15 *
15 2.000000 16 *
16 0.000000 17 *
17 0.000000 18 *
18 1.000000 19 *
19 2.000000 20 *
20 0.000000 21 *
21 -2.000000 22 *
22 -1.000000 23 *
23 0.000000 24 *
24 -2.000000 25 *
25 0.000000 26 *
26 0.000000 27 *
27 -2.000000 28 *
28 2.000000 29 *
29 2.000000 30 *
30 0.000000 31 *
31 -2.000000 32 *
32 -2.000000 33 *
33 0.000000 34 *
34 -1.000000 35 *
35 0.000000 36 *
36 5.000000 37 *
37 0.000000 38 *
38 -2.000000 39 *
39 -2.000000 40 *
40 -1.000000 41 *
41 -2.000000 42 *
42 -1.000000 43 *
43 1.000000 - *
graph: A0039.mid_28
0 2.262222 1 r
1 0.000000 2 *
2 0.000000 3 *
3 2.000000 4 *
4 2.000000 5 *
5 1.000000 6 *
6 -1.000000 7 *
7 -2.000000 8 *
8 -2.000000 9 *
9 7.000000 10 *
10 2.000000 11 *
11 -2.000000 12 *
12 0.000000 13 *
13 -3.000000 14 *
14 1.000000 15 *
15 0.000000 16 *
16 -1.000000 17 *
17 3.000000 18 *
18 2.000000 19 *
19 -2.000000 20 *
20 0.000000 21 *
21 -3.000000 22 *
22 1.000000 23 *
23 -1.000000 24 *
24 -2.000000 25 *
25 -2.000000 26 *
26 5.000000 27 *
27 -1.000000 28 *
28 -2.000000 29 *
29 2.000000 30 *
30 1.000000 31 *
31 2.000000 32 *
32 -2.000000 33 *
33 -1.000000 34 *
34 -2.000000 35 *
35 -2.000000 - *
graph: A0040.mid_29
0 2.875808 1 r
1 0.000000 2 *
2 0.000000 3 *
3 0.000000 4 *
4 7.000000 5 *
5 0.000000 6 *
6 0.000000 7 *
7 2.000000 8 *
8 0.000000 9 *
9 0.000000 10 *
10 -2.000000 11 *
11 0.000000 12 *
12 2.000000 13 *
13 -2.000000 14 *
14 5.000000 15 *
15 -5.000000 16 *
16 3.000000 17 *
17 -1.000000 18 *
18 -2.000000 19 *
19 3.000000 20 *
20 -1.000000 21 *
21 1.000000 22 *
22 2.000000 23 *
23 -2.000000 24 *
24 -1.000000 25 *
25 -2.000000 26 *
26 -2.000000 27 *
27 -3.000000 28 *
28 1.000000 29 *
29 -3.000000 30 *
30 7.000000 31 *
31 0.000000 32 *
32 3.000000 33 *
33 -3.000000 34 *
34 0.000000 35 *
35 -7.000000 36 *
36 3.000000 37 *
37 -1.000000 38 *
38 -2.000000 - *
graph: B0001.mid_30
0 3.504222 1 r
1 0.000000 2 *
2 2.000000 3 *
3 2.000000 4 *
4 -2.000000 5 *
5 3.000000 6 *
6 -1.000000 7 *
7 -2.000000 8 *
8 -3.000000 9 *
9 1.000000 10 *
10 9.000000 11 *
11 -2.000000 12 *
12 -2.000000 13 *
13 -1.000000 14 *
14 -2.000000 15 *
15 2.000000 16 *
16 -4.000000 17 *
17 7.000000 18 *
18 -7.000000 19 *
19 2.000000 20 *
20 2.000000 21 *
21 -2.000000 22 *
22 3.000000 23 *
23 -1.000000 24 *
24 -2.000000 25 *
25 -3.000000 26 *
26 1.000000 27 *
27 9.000000 28 *
28 -2.000000 29 *
29 -2.000000 30 *
30 -1.000000 31 *
31 -2.000000 32 *
32 2.000000 33 *
33 -4.000000 34 *
34 7.000000 35 *
35 -5.000000 36 *
36 2.000000 37 *
37 -2.000000 38 *
38 -3.000000 39 *
39 -4.000000 40 *
40 10.000000 41 *
41 -1.000000 42 *
42 -2.000000 43 *
43 -3.000000 44 *
44 -4.000000 45 *
45 12.000000 46 *
46 -2.000000 47 *
47 -1.000000 48 *
48 0.000000 49 *
49 2.000000 50 *
50 0.000000 51 *
51 1.000000 52 *
52 0.000000 53 *
53 5.000000 54 *
54 -1.000000 55 *
55 0.000000 56 *
56 -2.000000 57 *
57 -2.000000 58 *
58 2.000000 59 *
59 -2.000000 60 *
60 0.000000 61 *
61 -2.000000 62 *
62 -1.000000 63 *
63 -2.000000 64 *
64 2.000000 65 *
65 1.000000 66 *
66 2.000000 67 *
67 2.000000 68 *
68 -4.000000 69 *
69 -3.000000 70 *
70 -2.000000 71 *
71 4.000000 72 *
72 -2.000000 73 *
73 -2.000000 74 *
74 12.000000 75 *
75 -1.000000 76 *
76 0.000000 77 *
77 -2.000000 78 *
78 -2.000000 79 *
79 2.000000 80 *
80 -2.000000 81 *
81 0.000000 82 *
82 -2.000000 83 *
83 -1.000000 84 *
84 -2.000000 85 *
85 2.000000 86 *
86 1.000000 87 *
87 2.000000 88 *
88 2.000000 89 *
89 -4.000000 90 *
90 -3.000000 91 *
91 -2.000000 92 *
92 4.000000 93 *
93 -2.000000 94 *
94 -2.000000 - *
graph: B0001A.mid_31
0 3.504222 1 r
1 0.000000 2 *
2 2.000000 3 *
3 2.000000 4 *
4 -2.000000 5 *
5 3.000000 6 *
6 -1.000000 7 *
7 -2.000000 8 *
8 -3.000000 9 *
9 1.000000 10 *
10 9.000000 11 *
11 -2.000000 12 *
12 -2.000000 13 *
13 -1.000000 14 *
14 -2.000000 15 *
15 2.000000 16 *
16 -4.000000 17 *
17 7.000000 18 *
18 -7.000000 19 *
19 2.000000 20 *
20 2.000000 21 *
21 -2.000000 22 *
22 3.000000 23 *
23 -1.000000 24 *
24 -2.000000 25 *
25 -3.000000 26 *
26 1.000000 27 *
27 9.000000 28 *
28 -2.000000 29 *
29 -2.000000 30 *
30 -1.000000 31 *
31 -2.000000 32 *
32 2.000000 33 *
33 -4.000000 34 *
34 7.000000 35 *
35 -5.000000 36 *
36 2.000000 37 *
37 -2.000000 38 *
38 -3.000000 39 *
39 -4.000000 40 *
40 10.000000 41 *
41 -1.000000 42 *
42 -2.000000 43 *
43 -3.000000 44 *
44 -4.000000 45 *
45 12.000000 46 *
46 -2.000000 47 *
47 -1.000000 48 *
48 0.000000 49 *
49 2.000000 50 *
50 0.000000 51 *
51 1.000000 52 *
52 0.000000 53 *
53 5.000000 54 *
54 -1.000000 55 *
55 0.000000 56 *
56 -2.000000 57 *
57 -2.000000 58 *
58 2.000000 59 *
59 -2.000000 60 *
60 0.000000 61 *
61 -2.000000 62 *
62 -1.000000 63 *
63 -2.000000 64 *
64 2.000000 65 *
65 1.000000 66 *
66 2.000000 67 *
67 2.000000 68 *
68 -4.000000 69 *
69 -3.000000 70 *
70 -2.000000 71 *
71 4.000000 72 *
72 -2.000000 73 *
73 -2.000000 74 *
74 12.000000 75 *
75 -1.000000 76 *
76 0.000000 77 *
77 -2.000000 78 *
78 -2.000000 79 *
79 2.000000 80 *
80 -2.000000 81 *
81 0.000000 82 *
82 -2.000000 83 *
83 -1.000000 84 *
84 -2.000000 85 *
85 2.000000 86 *
86 1.000000 87 *
87 2.000000 88 *
88 2.000000 89 *
89 -4.000000 90 *
90 -3.000000 91 *
91 -2.000000 92 *
92 4.000000 93 *
93 -2.000000 94 *
94 -2.000000 - *
graph: B0002.mid_32
0 3.049147 1 r
1 -5.000000 2 *
2 2.000000 3 *
3 2.000000 4 *
4 1.000000 5 *
5 -5.000000 6 *
6 0.000000 7 *
7 -2.000000 8 *
8 0.000000 9 *
9 -1.000000 10 *
10 8.000000 11 *
11 0.000000 12 *
12 -3.000000 13 *
13 0.000000 14 *
14 3.000000 15 *
15 0.000000 16 *
16 -5.000000 17 *
17 0.000000 18 *
18 5.000000 19 *
19 -1.000000 20 *
20 0.000000 21 *
21 1.000000 22 *
22 0.000000 23 *
23 2.000000 24 *
24 -3.000000 25 *
25 -4.000000 26 *
26 0.000000 27 *
27 5.000000 28 *
28 0.000000 29 *
29 2.000000 30 *
30 0.000000 31 *
31 2.000000 32 *
32 -4.000000 33 *
33 0.000000 34 *
34 -5.000000 35 *
35 9.000000 36 *
36 -2.000000 37 *
37 3.000000 38 *
38 -1.000000 39 *
39 -2.000000 40 *
40 -2.000000 41 *
41 -1.000000 42 *
42 -2.000000 43 *
43 0.000000 44 *
44 3.000000 45 *
45 -3.000000 46 *
46 -2.000000 47 *
47 5.000000 48 *
48 0.000000 49 *
49 4.000000 50 *
50 0.000000 51 *
51 -2.000000 52 *
52 -2.000000 53 *
53 -1.000000 54 *
54 1.000000 55 *
55 -5.000000 56 *
56 9.000000 57 *
57 -2.000000 58 *
58 3.000000 59 *
59 -1.000000 60 *
60 -2.000000 61 *
61 -2.000000 62 *
62 -1.000000 63 *
63 -2.000000 64 *
64 0.000000 65 *
65 3.000000 66 *
66 -3.000000 67 *
67 -2.000000 68 *
68 5.000000 69 *
69 0.000000 70 *
70 4.000000 71 *
71 0.000000 72 *
72 -2.000000 73 *
73 -2.000000 74 *
74 -1.000000 75 *
75 1.000000 - *
graph: B0002A.mid_33
0 2.873207 1 r
1 -5.000000 2 *
2 0.000000 3 *
3 5.000000 4 *
4 0.000000 5 *
5 -2.000000 6 *
6 0.000000 7 *
7 -1.000000 8 *
8 0.000000 9 *
9 0.000000 10 *
10 -7.000000 11 *
11 0.000000 12 *
12 5.000000 13 *
13 -2.000000 14 *
14 0.000000 15 *
15 -1.000000 16 *
16 0.000000 17 *
17 8.000000 18 *
18 -1.000000 19 *
19 -4.000000 20 *
20 0.000000 21 *
21 4.000000 22 *
22 3.000000 23 *
23 -2.000000 24 *
24 0.000000 25 *
25 0.000000 26 *
26 -1.000000 27 *
27 3.000000 28 *
28 3.000000 29 *
29 -6.000000 30 *
30 3.000000 31 *
31 -2.000000 32 *
32 0.000000 33 *
33 0.000000 34 *
34 -1.000000 35 *
35 1.000000 36 *
36 2.000000 37 *
37 0.000000 38 *
38 -2.000000 39 *
39 2.000000 40 *
40 2.000000 41 *
41 -4.000000 42 *
42 -1.000000 43 *
43 1.000000 44 *
44 -3.000000 45 *
45 5.000000 46 *
46 -2.000000 47 *
47 -1.000000 48 *
48 1.000000 - *
graph: B0003.mid_34
0 3.129065 1 r
1 -12.000000 2 *
2 0.000000 3 *
3 4.000000 4 *
4 3.000000 5 *
5 0.000000 6 *
6 -3.000000 7 *
7 3.000000 8 *
8 5.000000 9 *
9 0.000000 10 *
10 2.000000 11 *
11 2.000000 12 *
12 1.000000 13 *
13 -3.000000 14 *
14 -2.000000 15 *
15 -1.000000 16 *
16 0.000000 17 *
17 -4.000000 18 *
18 9.000000 19 *
19 0.000000 20 *
20 -2.000000 21 *
21 0.000000 22 *
22 -1.000000 23 *
23 0.000000 24 *
24 1.000000 25 *
25 -3.000000 26 *
26 -2.000000 27 *
27 0.000000 28 *
28 2.000000 29 *
29 1.000000 30 *
30 -1.000000 31 *
31 -2.000000 32 *
32 -2.000000 33 *
33 0.000000 34 *
34 7.000000 35 *
35 -2.000000 36 *
36 -1.000000 37 *
37 0.000000 38 *
38 1.000000 39 *
39 -5.000000 40 *
40 0.000000 41 *
41 0.000000 42 *
42 10.000000 43 *
43 -1.000000 44 *
44 -2.000000 45 *
45 0.000000 46 *
46 2.000000 47 *
47 -2.000000 48 *
48 -2.000000 49 *
49 -5.000000 50 *
50 0.000000 51 *
51 1.000000 52 *
52 1.000000 53 *
53 2.000000 54 *
54 1.000000 55 *
55 0.000000 56 *
56 0.000000 57 *
57 2.000000 58 *
58 2.000000 59 *
59 -4.000000 60 *
60 0.000000 61 *
61 0.000000 62 *
62 0.000000 63 *
63 4.000000 64 *
64 3.000000 65 *
65 -2.000000 66 *
66 -1.000000 67 *
67 -2.000000 68 *
68 -2.000000 - *
graph: B0004.mid_35
0 3.368301 1 r
1 -5.000000 2 *
2 -3.000000 3 *
3 1.000000 4 *
4 2.000000 5 *
5 5.000000 6 *
6 -1.000000 7 *
7 1.000000 8 *
8 2.000000 9 *
9 -9.000000 10 *
10 -1.000000 11 *
11 -4.000000 12 *
12 9.000000 13 *
13 -2.000000 14 *
14 -2.000000 15 *
15 -1.000000 16 *
16 -2.000000 17 *
17 -2.000000 18 *
18 7.000000 19 *
19 -5.000000 20 *
20 9.000000 21 *
21 1.000000 22 *
22 2.000000 23 *
23 -2.000000 24 *
24 -1.000000 25 *
25 -2.000000 26 *
26 -2.000000 27 *
27 -1.000000 28 *
28 1.000000 29 *
29 2.000000 30 *
30 -7.000000 31 *
31 2.000000 32 *
32 2.000000 33 *
33 1.000000 34 *
34 2.000000 35 *
35 2.000000 36 *
36 3.000000 37 *
37 -2.000000 38 *
38 -3.000000 39 *
39 2.000000 40 *
40 -4.000000 41 *
41 0.000000 42 *
42 5.000000 43 *
43 -1.000000 44 *
44 -2.000000 45 *
45 0.000000 46 *
46 -2.000000 47 *
47 -2.000000 48 *
48 -1.000000 49 *
49 3.000000 50 *
50 2.000000 51 *
51 2.000000 52 *
52 1.000000 53 *
53 0.000000 54 *
54 2.000000 55 *
55 -3.000000 56 *
56 1.000000 - *
graph: B0005.mid_36
0 3.843721 1 r
1 -5.000000 2 *
2 5.000000 3 *
3 -5.000000 4 *
4 5.000000 5 *
5 2.000000 6 *
6 2.000000 7 *
7 -2.000000 8 *
8 -2.000000 9 *
9 2.000000 10 *
10 2.000000 11 *
11 -2.000000 12 *
12 2.000000 13 *
13 1.000000 14 *
14 2.000000 15 *
15 -2.000000 16 *
16 -1.000000 17 *
17 -4.000000 18 *
18 9.000000 19 *
19 -4.000000 20 *
20 -5.000000 21 *
21 9.000000 22 *
22 -2.000000 23 *
23 -3.000000 24 *
24 -4.000000 25 *
25 -5.000000 26 *
26 2.000000 27 *
27 2.000000 28 *
28 1.000000 29 *
29 5.000000 30 *
30 -1.000000 31 *
31 -2.000000 32 *
32 -2.000000 - *
graph: B0006.mid_37
0 3.360108 1 r
1 -5.000000 2 *
2 9.000000 3 *
3 0.000000 4 *
4 0.000000 5 *
5 -2.000000 6 *
6 0.000000 7 *
7 -2.000000 8 *
8 0.000000 9 *
9 -5.000000 10 *
10 10.000000 11 *
11 0.000000 12 *
12 -1.000000 13 *
13 -2.000000 14 *
14 2.000000 15 *
15 1.000000 16 *
16 -3.000000 17 *
17 5.000000 18 *
18 0.000000 19 *
19 -3.000000 20 *
20 1.000000 21 *
21 0.000000 22 *
22 0.000000 23 *
23 -3.000000 24 *
24 2.000000 25 *
25 -4.000000 26 *
26 -1.000000 27 *
27 1.000000 28 *
28 4.000000 29 *
29 -2.000000 30 *
30 -2.000000 31 *
31 -1.000000 32 *
32 1.000000 - *
graph: B0007.mid_38
0 3.509624 1 r
1 4.000000 2 *
2 -2.000000 3 *
3 -2.000000 4 *
4 -5.000000 5 *
5 5.000000 6 *
6 2.000000 7 *
7 2.000000 8 *
8 -4.000000 9 *
9 4.000000 10 *
10 1.000000 11 *
11 2.000000 12 *
12 -3.000000 13 *
13 5.000000 14 *
14 -4.000000 15 *
15 -3.000000 16 *
16 2.000000 17 *
17 -2.000000 18 *
18 -2.000000 19 *
19 -5.000000 20 *
20 5.000000 21 *
21 2.000000 22 *
22 2.000000 23 *
23 -4.000000 24 *
24 2.000000 25 *
25 0.000000 26 *
26 0.000000 27 *
27 2.000000 28 *
28 2.000000 29 *
29 1.000000 30 *
30 2.000000 31 *
31 -3.000000 32 *
32 1.000000 33 *
33 0.000000 34 *
34 0.000000 35 *
35 2.000000 36 *
36 -5.000000 37 *
37 1.000000 38 *
38 2.000000 39 *
39 0.000000 40 *
40 -2.000000 41 *
41 -3.000000 42 *
42 2.000000 43 *
43 1.000000 44 *
44 2.000000 45 *
45 -5.000000 46 *
46 2.000000 47 *
47 1.000000 48 *
48 0.000000 49 *
49 -1.000000 50 *
50 -9.000000 51 *
51 0.000000 52 *
52 5.000000 53 *
53 -5.000000 54 *
54 7.000000 55 *
55 -7.000000 56 *
56 9.000000 57 *
57 -4.000000 58 *
58 5.000000 59 *
59 -3.000000 60 *
60 5.000000 61 *
61 -2.000000 62 *
62 -1.000000 63 *
63 -2.000000 64 *
64 -2.000000 - *
graph: B0009.mid_39
0 3.123475 1 r
1 0.000000 2 *
2 0.000000 3 *
3 5.000000 4 *
4 -1.000000 5 *
5 -2.000000 6 *
6 5.000000 7 *
7 -3.000000 8 *
8 8.000000 9 *
9 -5.000000 10 *
10 2.000000 11 *
11 -2.000000 12 *
12 0.000000 13 *
13 -2.000000 14 *
14 -1.000000 15 *
15 -2.000000 16 *
16 5.000000 17 *
17 2.000000 18 *
18 2.000000 19 *
19 -2.000000 20 *
20 -2.000000 21 *
21 7.000000 22 *
22 -2.000000 23 *
23 -1.000000 24 *
24 1.000000 25 *
25 -5.000000 26 *
26 5.000000 27 *
27 4.000000 28 *
28 -2.000000 29 *
29 -2.000000 30 *
30 0.000000 31 *
31 -1.000000 32 *
32 0.000000 33 *
33 1.000000 34 *
34 0.000000 35 *
35 2.000000 36 *
36 2.000000 37 *
37 -4.000000 38 *
38 -3.000000 39 *
39 -4.000000 40 *
40 -1.000000 41 *
41 -2.000000 42 *
42 -2.000000 - *
graph: B0010.mid_40
0 4.186444 1 r
1 -9.000000 2 *
2 9.000000 3 *
3 -2.000000 4 *
4 2.000000 5 *
5 -4.000000 6 *
6 -5.000000 7 *
7 0.000000 8 *
8 12.000000 9 *
9 -2.000000 10 *
10 2.000000 11 *
11 -3.000000 12 *
12 -4.000000 13 *
13 9.000000 14 *
14 0.000000 15 *
15 0.000000 16 *
16 0.000000 17 *
17 -2.000000 18 *
18 -3.000000 19 *
19 3.000000 20 *
20 0.000000 21 *
21 -2.000000 22 *
22 -1.000000 23 *
23 1.000000 24 *
24 2.000000 25 *
25 -3.000000 26 *
26 -4.000000 27 *
27 9.000000 28 *
28 0.000000 29 *
29 3.000000 30 *
30 -3.000000 31 *
31 -2.000000 32 *
32 -3.000000 33 *
33 3.000000 34 *
34 0.000000 35 *
35 -2.000000 36 *
36 -1.000000 37 *
37 1.000000 38 *
38 2.000000 39 *
39 -3.000000 - *
graph: B0011.mid_41
0 2.375470 1 r
1 4.000000 2 *
2 1.000000 3 *
3 2.000000 4 *
4 -3.000000 5 *
5 1.000000 6 *
6 -3.000000 7 *
7 2.000000 8 *
8 -4.000000 9 *
9 0.000000 10 *
10 -1.000000 11 *
11 1.000000 12 *
12 5.000000 13 *
13 -1.000000 14 *
14 -2.000000 15 *
15 -3.000000 16 *
16 1.000000 17 *
17 2.000000 18 *
18 0.000000 19 *
19 2.000000 20 *
20 -2.000000 21 *
21 2.000000 22 *
22 1.000000 23 *
23 -3.000000 24 *
24 0.000000 25 *
25 2.000000 26 *
26 3.000000 27 *
27 -3.000000 28 *
28 -2.000000 29 *
29 -2.000000 - *
graph: B0012.mid_42
0 2.951757 1 r
1 -5.000000 2 *
2 5.000000 3 *
3 2.000000 4 *
4 2.000000 5 *
5 0.000000 6 *
6 -2.000000 7 *
7 5.000000 8 *
8 -2.000000 9 *
9 -3.000000 10 *
10 -2.000000 11 *
11 -5.000000 12 *
12 0.000000 13 *
13 5.000000 14 *
14 0.000000 15 *
15 -1.000000 16 *
16 -2.000000 17 *
17 0.000000 18 *
18 5.000000 19 *
19 0.000000 20 *
20 -7.000000 21 *
21 0.000000 22 *
22 5.000000 23 *
23 2.000000 24 *
24 2.000000 25 *
25 0.000000 26 *
26 -2.000000 27 *
27 5.000000 28 *
28 -2.000000 29 *
29 -3.000000 30 *
30 -2.000000 31 *
31 -5.000000 32 *
32 0.000000 33 *
33 5.000000 34 *
34 0.000000 35 *
35 -1.000000 36 *
36 -2.000000 37 *
37 0.000000 38 *
38 5.000000 39 *
39 0.000000 40 *
40 -7.000000 41 *
41 0.000000 42 *
42 4.000000 43 *
43 1.000000 44 *
44 2.000000 45 *
45 -3.000000 46 *
46 1.000000 47 *
47 4.000000 48 *
48 3.000000 49 *
49 -3.000000 50 *
50 -2.000000 51 *
51 -3.000000 52 *
52 -4.000000 53 *
53 0.000000 54 *
54 -3.000000 55 *
55 3.000000 56 *
56 5.000000 57 *
57 0.000000 58 *
58 0.000000 59 *
59 4.000000 60 *
60 3.000000 61 *
61 -3.000000 62 *
62 -2.000000 63 *
63 2.000000 64 *
64 0.000000 65 *
65 1.000000 66 *
66 2.000000 67 *
67 -2.000000 68 *
68 -1.000000 69 *
69 -2.000000 70 *
70 -2.000000 71 *
71 -1.000000 72 *
72 0.000000 73 *
73 -2.000000 74 *
74 0.000000 75 *
75 8.000000 76 *
76 -3.000000 77 *
77 2.000000 78 *
78 1.000000 79 *
79 2.000000 80 *
80 -3.000000 81 *
81 -2.000000 82 *
82 -2.000000 83 *
83 4.000000 84 *
84 0.000000 85 *
85 1.000000 86 *
86 2.000000 87 *
87 -2.000000 88 *
88 -1.000000 89 *
89 -2.000000 90 *
90 -2.000000 91 *
91 -1.000000 92 *
92 0.000000 93 *
93 -2.000000 94 *
94 0.000000 95 *
95 8.000000 96 *
96 -3.000000 97 *
97 2.000000 98 *
98 1.000000 99 *
99 2.000000 100 *
100 -3.000000 101 *
101 -2.000000 102 *
102 -2.000000 - *
graph: B0014.mid_43
0 3.850376 1 r
1 -5.000000 2 *
2 0.000000 3 *
3 5.000000 4 *
4 0.000000 5 *
5 -5.000000 6 *
6 0.000000 7 *
7 -3.000000 8 *
8 3.000000 9 *
9 -3.000000 10 *
10 -4.000000 11 *
11 12.000000 12 *
12 0.000000 13 *
13 -1.000000 14 *
14 1.000000 15 *
15 2.000000 16 *
16 2.000000 17 *
17 -2.000000 18 *
18 5.000000 19 *
19 -1.000000 20 *
20 -2.000000 21 *
21 -2.000000 22 *
22 -2.000000 23 *
23 0.000000 24 *
24 -1.000000 25 *
25 0.000000 26 *
26 3.000000 27 *
27 0.000000 28 *
28 -7.000000 29 *
29 0.000000 30 *
30 0.000000 31 *
31 10.000000 32 *
32 -3.000000 33 *
33 2.000000 34 *
34 -4.000000 35 *
35 4.000000 36 *
36 -2.000000 37 *
37 0.000000 38 *
38 -7.000000 39 *
39 0.000000 40 *
40 10.000000 41 *
41 -3.000000 42 *
42 2.000000 43 *
43 -4.000000 44 *
44 4.000000 45 *
45 -2.000000 46 *
46 0.000000 47 *
47 -7.000000 48 *
48 0.000000 49 *
49 5.000000 50 *
50 0.000000 51 *
51 2.000000 52 *
52 0.000000 53 *
53 5.000000 54 *
54 -3.000000 55 *
55 -4.000000 56 *
56 0.000000 57 *
57 -1.000000 58 *
58 -2.000000 59 *
59 8.000000 60 *
60 -1.000000 61 *
61 -2.000000 62 *
62 2.000000 63 *
63 -2.000000 64 *
64 -2.000000 - *
graph: B0015.mid_44
0 2.037155 1 r
1 0.000000 2 *
2 0.000000 3 *
3 2.000000 4 *
4 -3.000000 5 *
5 1.000000 6 *
6 2.000000 7 *
7 2.000000 8 *
8 0.000000 9 *
9 1.000000 10 *
10 -1.000000 11 *
11 -2.000000 12 *
12 -2.000000 13 *
13 2.000000 14 *
14 -2.000000 15 *
15 -1.000000 16 *
16 1.000000 17 *
17 7.000000 18 *
18 0.000000 19 *
19 0.000000 20 *
20 0.000000 21 *
21 -2.000000 22 *
22 -1.000000 23 *
23 1.000000 24 *
24 0.000000 25 *
25 0.000000 26 *
26 0.000000 27 *
27 -1.000000 28 *
28 -2.000000 29 *
29 2.000000 30 *
30 1.000000 31 *
31 -1.000000 32 *
32 -2.000000 33 *
33 -2.000000 34 *
34 4.000000 35 *
35 1.000000 36 *
36 2.000000 37 *
37 2.000000 38 *
38 -4.000000 39 *
39 -1.000000 40 *
40 -2.000000 41 *
41 -2.000000 - *
graph: B0020.mid_45
0 3.351548 1 r
1 -5.000000 2 *
2 5.000000 3 *
3 2.000000 4 *
4 2.000000 5 *
5 0.000000 6 *
6 3.000000 7 *
7 -2.000000 8 *
8 -1.000000 9 *
9 -2.000000 10 *
10 -2.000000 11 *
11 1.000000 12 *
12 1.000000 13 *
13 2.000000 14 *
14 1.000000 15 *
15 -3.000000 16 *
16 -1.000000 17 *
17 1.000000 18 *
18 2.000000 19 *
19 -7.000000 20 *
20 0.000000 21 *
21 7.000000 22 *
22 -2.000000 23 *
23 0.000000 24 *
24 2.000000 25 *
25 2.000000 26 *
26 1.000000 27 *
27 -12.000000 28 *
28 4.000000 29 *
29 -2.000000 30 *
30 -2.000000 31 *
31 0.000000 32 *
32 10.000000 33 *
33 -1.000000 34 *
34 -2.000000 35 *
35 2.000000 36 *
36 -4.000000 37 *
37 4.000000 38 *
38 3.000000 39 *
39 0.000000 40 *
40 -3.000000 41 *
41 -2.000000 42 *
42 -2.000000 43 *
43 2.000000 44 *
44 5.000000 45 *
45 -2.000000 46 *
46 -3.000000 47 *
47 -2.000000 48 *
48 4.000000 49 *
49 0.000000 50 *
50 0.000000 51 *
51 3.000000 52 *
52 -2.000000 53 *
53 -3.000000 54 *
54 0.000000 55 *
55 2.000000 56 *
56 1.000000 57 *
57 2.000000 58 *
58 2.000000 59 *
59 -2.000000 60 *
60 -2.000000 61 *
61 -1.000000 62 *
62 -2.000000 63 *
63 -2.000000 64 *
64 4.000000 65 *
65 3.000000 66 *
66 -3.000000 67 *
67 -4.000000 68 *
68 7.000000 69 *
69 -3.000000 70 *
70 -4.000000 71 *
71 -5.000000 72 *
72 2.000000 73 *
73 2.000000 74 *
74 1.000000 - *
graph: B0021.mid_46
0 3.147326 1 r
1 -5.000000 2 *
2 0.000000 3 *
3 0.000000 4 *
4 9.000000 5 *
5 -4.000000 6 *
6 -1.000000 7 *
7 1.000000 8 *
8 2.000000 9 *
9 -3.000000 10 *
10 1.000000 11 *
11 -5.000000 12 *
12 0.000000 13 *
13 2.000000 14 *
14 -2.000000 15 *
15 10.000000 16 *
16 -1.000000 17 *
17 -2.000000 18 *
18 -2.000000 19 *
19 -1.000000 20 *
20 1.000000 21 *
21 4.000000 22 *
22 -2.000000 23 *
23 0.000000 24 *
24 -1.000000 25 *
25 1.000000 26 *
26 2.000000 27 *
27 -2.000000 28 *
28 0.000000 29 *
29 -2.000000 30 *
30 -1.000000 31 *
31 -2.000000 32 *
32 0.000000 33 *
33 -2.000000 34 *
34 0.000000 35 *
35 4.000000 36 *
36 -2.000000 37 *
37 -2.000000 38 *
38 7.000000 39 *
39 -3.000000 40 *
40 -4.000000 41 *
41 -5.000000 42 *
42 10.000000 43 *
43 -1.000000 44 *
44 -2.000000 45 *
45 -2.000000 46 *
46 0.000000 47 *
47 4.000000 48 *
48 3.000000 49 *
49 -3.000000 50 *
50 1.000000 51 *
51 4.000000 52 *
52 -2.000000 53 *
53 -2.000000 54 *
54 -1.000000 55 *
55 -2.000000 56 *
56 -2.000000 57 *
57 0.000000 58 *
58 4.000000 59 *
59 3.000000 60 *
60 -3.000000 61 *
61 1.000000 62 *
62 4.000000 63 *
63 -2.000000 64 *
64 5.000000 65 *
65 -1.000000 66 *
66 1.000000 67 *
67 -12.000000 68 *
68 0.000000 69 *
69 0.000000 70 *
70 0.000000 71 *
71 5.000000 72 *
72 0.000000 73 *
73 4.000000 74 *
74 -2.000000 75 *
75 -2.000000 76 *
76 2.000000 77 *
77 2.000000 78 *
78 0.000000 79 *
79 0.000000 80 *
80 0.000000 81 *
81 3.000000 82 *
82 -2.000000 83 *
83 -1.000000 84 *
84 -2.000000 85 *
85 2.000000 86 *
86 -2.000000 87 *
87 -2.000000 88 *
88 -5.000000 89 *
89 0.000000 90 *
90 0.000000 91 *
91 5.000000 92 *
92 0.000000 93 *
93 4.000000 94 *
94 -2.000000 95 *
95 -2.000000 96 *
96 2.000000 97 *
97 2.000000 98 *
98 0.000000 99 *
99 0.000000 100 *
100 0.000000 101 *
101 3.000000 102 *
102 -2.000000 103 *
103 -1.000000 104 *
104 -2.000000 105 *
105 2.000000 106 *
106 -2.000000 107 *
107 -2.000000 - *
graph: B0022.mid_47
0 3.761586 1 r
1 -5.000000 2 *
2 5.000000 3 *
3 2.000000 4 *
4 2.000000 5 *
5 0.000000 6 *
6 -2.000000 7 *
7 -2.000000 8 *
8 2.000000 9 *
9 2.000000 10 *
10 -4.000000 11 *
11 4.000000 12 *
12 -2.000000 13 *
13 5.000000 14 *
14 -1.000000 15 *
15 -2.000000 16 *
16 -2.000000 17 *
17 -2.000000 18 *
18 -3.000000 19 *
19 2.000000 20 *
20 1.000000 21 *
21 -3.000000 22 *
22 5.000000 23 *
23 2.000000 24 *
24 1.000000 25 *
25 0.000000 26 *
26 -1.000000 27 *
27 -2.000000 28 *
28 2.000000 29 *
29 1.000000 30 *
30 -3.000000 31 *
31 3.000000 32 *
32 -1.000000 33 *
33 -2.000000 34 *
34 -2.000000 35 *
35 4.000000 36 *
36 -2.000000 37 *
37 -7.000000 38 *
38 7.000000 39 *
39 -2.000000 40 *
40 -1.000000 41 *
41 1.000000 42 *
42 2.000000 43 *
43 2.000000 44 *
44 1.000000 45 *
45 -10.000000 46 *
46 0.000000 47 *
47 0.000000 48 *
48 9.000000 49 *
49 -2.000000 50 *
50 -2.000000 51 *
51 2.000000 52 *
52 2.000000 53 *
53 1.000000 54 *
54 -3.000000 55 *
55 -7.000000 56 *
56 -3.000000 57 *
57 3.000000 58 *
58 5.000000 59 *
59 0.000000 60 *
60 -5.000000 61 *
61 5.000000 62 *
62 4.000000 63 *
63 -9.000000 64 *
64 5.000000 65 *
65 4.000000 66 *
66 3.000000 67 *
67 -3.000000 68 *
68 3.000000 69 *
69 -2.000000 70 *
70 -1.000000 71 *
71 -2.000000 72 *
72 -2.000000 73 *
73 -5.000000 74 *
74 7.000000 75 *
75 -2.000000 76 *
76 -1.000000 77 *
77 1.000000 78 *
78 2.000000 79 *
79 2.000000 80 *
80 1.000000 81 *
81 -10.000000 82 *
82 0.000000 83 *
83 0.000000 84 *
84 9.000000 85 *
85 -2.000000 86 *
86 -2.000000 87 *
87 2.000000 88 *
88 2.000000 89 *
89 1.000000 90 *
90 -3.000000 91 *
91 -7.000000 92 *
92 -3.000000 93 *
93 3.000000 94 *
94 5.000000 95 *
95 0.000000 96 *
96 -5.000000 97 *
97 5.000000 98 *
98 4.000000 99 *
99 -9.000000 100 *
100 5.000000 101 *
101 4.000000 102 *
102 3.000000 103 *
103 -3.000000 104 *
104 3.000000 105 *
105 -2.000000 106 *
106 -1.000000 107 *
107 -2.000000 108 *
108 -2.000000 - *
graph: B0023.mid_48
0 3.220470 1 r
1 -5.000000 2 *
2 -3.000000 3 *
3 8.000000 4 *
4 -1.000000 5 *
5 -2.000000 6 *
6 -2.000000 7 *
7 0.000000 8 *
8 -3.000000 9 *
9 5.000000 10 *
10 -2.000000 11 *
11 -2.000000 12 *
12 -1.000000 13 *
13 0.000000 14 *
14 5.000000 15 *
15 -3.000000 16 *
16 1.000000 17 *
17 2.000000 18 *
18 2.000000 19 *
19 3.000000 20 *
20 -2.000000 21 *
21 -1.000000 22 *
22 -2.000000 23 *
23 -2.000000 24 *
24 0.000000 25 *
25 -5.000000 26 *
26 3.000000 27 *
27 -1.000000 28 *
28 5.000000 29 *
29 -2.000000 30 *
30 5.000000 31 *
31 -1.000000 32 *
32 -2.000000 33 *
33 5.000000 34 *
34 -3.000000 35 *
35 -4.000000 36 *
36 0.000000 37 *
37 -3.000000 38 *
38 8.000000 39 *
39 0.000000 40 *
40 -1.000000 41 *
41 -2.000000 42 *
42 -2.000000 43 *
43 2.000000 44 *
44 2.000000 45 *
45 1.000000 46 *
46 2.000000 47 *
47 -2.000000 48 *
48 -5.000000 49 *
49 -5.000000 50 *
50 3.000000 51 *
51 -1.000000 52 *
52 5.000000 53 *
53 -2.000000 54 *
54 5.000000 55 *
55 -1.000000 56 *
56 -2.000000 57 *
57 5.000000 58 *
58 -3.000000 59 *
59 -4.000000 60 *
60 0.000000 61 *
61 -3.000000 62 *
62 8.000000 63 *
63 0.000000 64 *
64 -1.000000 65 *
65 -2.000000 66 *
66 -2.000000 67 *
67 2.000000 68 *
68 2.000000 69 *
69 1.000000 70 *
70 2.000000 71 *
71 -2.000000 - *
graph: B0024.mid_49
0 3.451528 1 r
1 -12.000000 2 *
2 0.000000 3 *
3 4.000000 4 *
4 3.000000 5 *
5 0.000000 6 *
6 0.000000 7 *
7 -5.000000 8 *
8 2.000000 9 *
9 3.000000 10 *
10 5.000000 11 *
11 0.000000 12 *
12 -1.000000 13 *
13 -4.000000 14 *
14 2.000000 15 *
15 0.000000 16 *
16 5.000000 17 *
17 0.000000 18 *
18 -7.000000 19 *
19 0.000000 20 *
20 5.000000 21 *
21 -5.000000 22 *
22 -7.000000 23 *
23 2.000000 24 *
24 2.000000 25 *
25 2.000000 26 *
26 1.000000 27 *
27 -5.000000 28 *
28 0.000000 29 *
29 0.000000 30 *
30 5.000000 31 *
31 4.000000 32 *
32 0.000000 33 *
33 3.000000 34 *
34 0.000000 35 *
35 -2.000000 36 *
36 -1.000000 37 *
37 -2.000000 38 *
38 -2.000000 39 *
39 -5.000000 40 *
40 -3.000000 41 *
41 3.000000 42 *
42 0.000000 43 *
43 0.000000 44 *
44 5.000000 45 *
45 4.000000 46 *
46 0.000000 47 *
47 3.000000 48 *
48 0.000000 49 *
49 -2.000000 50 *
50 -1.000000 51 *
51 -2.000000 52 *
52 -2.000000 53 *
53 -5.000000 54 *
54 -3.000000 55 *
55 8.000000 56 *
56 5.000000 57 *
57 -1.000000 58 *
58 -2.000000 59 *
59 0.000000 60 *
60 -2.000000 61 *
61 -2.000000 62 *
62 -1.000000 63 *
63 -2.000000 64 *
64 2.000000 65 *
65 3.000000 66 *
66 2.000000 67 *
67 5.000000 68 *
68 -2.000000 69 *
69 -1.000000 70 *
70 1.000000 - *
graph: B0025.mid_50
0 4.032129 1 r
1 -5.000000 2 *
2 5.000000 3 *
3 0.000000 4 *
4 0.000000 5 *
5 2.000000 6 *
6 2.000000 7 *
7 -4.000000 8 *
8 -5.000000 9 *
9 0.000000 10 *
10 2.000000 11 *
11 8.000000 12 *
12 -1.000000 13 *
13 -2.000000 14 *
14 -2.000000 15 *
15 2.000000 16 *
16 2.000000 17 *
17 -4.000000 18 *
18 0.000000 19 *
19 4.000000 20 *
20 0.000000 21 *
21 3.000000 22 *
22 -1.000000 23 *
23 -2.000000 24 *
24 -2.000000 25 *
25 -2.000000 26 *
26 -1.000000 27 *
27 0.000000 28 *
28 -2.000000 29 *
29 3.000000 30 *
30 4.000000 31 *
31 -2.000000 32 *
32 0.000000 33 *
33 -7.000000 34 *
34 0.000000 35 *
35 0.000000 36 *
36 2.000000 37 *
37 2.000000 38 *
38 1.000000 39 *
39 2.000000 40 *
40 -10.000000 41 *
41 13.000000 42 *
42 -3.000000 43 *
43 7.000000 44 *
44 -4.000000 45 *
45 -1.000000 46 *
46 -2.000000 47 *
47 -2.000000 48 *
48 7.000000 49 *
49 -12.000000 50 *
50 9.000000 51 *
51 -2.000000 52 *
52 -2.000000 53 *
53 -1.000000 54 *
54 -2.000000 55 *
55 2.000000 56 *
56 1.000000 57 *
57 2.000000 58 *
58 2.000000 59 *
59 3.000000 60 *
60 -2.000000 61 *
61 -1.000000 62 *
62 -2.000000 63 *
63 -2.000000 - *
graph: B0026.mid_51
0 3.477003 1 r
1 -5.000000 2 *
2 4.000000 3 *
3 1.000000 4 *
4 0.000000 5 *
5 4.000000 6 *
6 -2.000000 7 *
7 -2.000000 8 *
8 2.000000 9 *
9 2.000000 10 *
10 -2.000000 11 *
11 -2.000000 12 *
12 2.000000 13 *
13 2.000000 14 *
14 1.000000 15 *
15 -1.000000 16 *
16 -2.000000 17 *
17 -2.000000 18 *
18 2.000000 19 *
19 2.000000 20 *
20 -2.000000 21 *
21 -2.000000 22 *
22 0.000000 23 *
23 -1.000000 24 *
24 0.000000 25 *
25 5.000000 26 *
26 -2.000000 27 *
27 0.000000 28 *
28 -2.000000 29 *
29 0.000000 30 *
30 4.000000 31 *
31 0.000000 32 *
32 -2.000000 33 *
33 -2.000000 34 *
34 -1.000000 35 *
35 -2.000000 36 *
36 -2.000000 37 *
37 5.000000 38 *
38 -5.000000 39 *
39 7.000000 40 *
40 -7.000000 41 *
41 9.000000 42 *
42 1.000000 43 *
43 -1.000000 44 *
44 -2.000000 45 *
45 2.000000 46 *
46 0.000000 47 *
47 1.000000 48 *
48 -1.000000 49 *
49 -2.000000 50 *
50 -2.000000 51 *
51 2.000000 52 *
52 2.000000 53 *
53 -4.000000 54 *
54 -5.000000 55 *
55 7.000000 56 *
56 -7.000000 57 *
57 9.000000 58 *
58 1.000000 59 *
59 -1.000000 60 *
60 -2.000000 61 *
61 2.000000 62 *
62 0.000000 63 *
63 5.000000 64 *
64 -4.000000 65 *
65 -3.000000 66 *
66 5.000000 67 *
67 -8.000000 68 *
68 1.000000 - *
graph: B0027.mid_52
0 2.512307 1 r
1 -4.000000 2 *
2 4.000000 3 *
3 -2.000000 4 *
4 3.000000 5 *
5 -1.000000 6 *
6 1.000000 7 *
7 2.000000 8 *
8 0.000000 9 *
9 2.000000 10 *
10 -2.000000 11 *
11 -3.000000 12 *
12 -2.000000 13 *
13 0.000000 14 *
14 5.000000 15 *
15 -1.000000 16 *
16 3.000000 17 *
17 -2.000000 18 *
18 5.000000 19 *
19 -1.000000 20 *
20 -4.000000 21 *
21 -1.000000 22 *
22 5.000000 23 *
23 -2.000000 24 *
24 -2.000000 25 *
25 0.000000 26 *
26 0.000000 27 *
27 0.000000 28 *
28 2.000000 29 *
29 2.000000 30 *
30 1.000000 31 *
31 -1.000000 32 *
32 -2.000000 33 *
33 -2.000000 34 *
34 -3.000000 35 *
35 1.000000 36 *
36 4.000000 37 *
37 -7.000000 38 *
38 2.000000 39 *
39 0.000000 40 *
40 3.000000 41 *
41 0.000000 42 *
42 2.000000 43 *
43 3.000000 44 *
44 -1.000000 45 *
45 -2.000000 46 *
46 -2.000000 47 *
47 -2.000000 48 *
48 -1.000000 49 *
49 3.000000 50 *
50 -2.000000 51 *
51 -1.000000 52 *
52 3.000000 53 *
53 0.000000 54 *
54 0.000000 55 *
55 2.000000 56 *
56 2.000000 57 *
57 1.000000 58 *
58 -1.000000 59 *
59 -2.000000 60 *
60 -2.000000 61 *
61 -3.000000 62 *
62 1.000000 63 *
63 4.000000 64 *
64 -7.000000 65 *
65 2.000000 66 *
66 0.000000 67 *
67 1.000000 68 *
68 2.000000 69 *
69 2.000000 70 *
70 3.000000 71 *
71 -1.000000 72 *
72 -2.000000 73 *
73 -2.000000 74 *
74 -2.000000 75 *
75 -1.000000 76 *
76 3.000000 77 *
77 -2.000000 78 *
78 -1.000000 - *
graph: B0028.mid_53
0 3.454302 1 r
1 -5.000000 2 *
2 0.000000 3 *
3 0.000000 4 *
4 5.000000 5 *
5 0.000000 6 *
6 4.000000 7 *
7 -4.000000 8 *
8 -5.000000 9 *
9 0.000000 10 *
10 0.000000 11 *
11 0.000000 12 *
12 0.000000 13 *
13 0.000000 14 *
14 7.000000 15 *
15 0.000000 16 *
16 3.000000 17 *
17 -3.000000 18 *
18 -3.000000 19 *
19 1.000000 20 *
20 0.000000 21 *
21 0.000000 22 *
22 0.000000 23 *
23 0.000000 24 *
24 -3.000000 25 *
25 0.000000 26 *
26 -3.000000 27 *
27 -4.000000 28 *
28 0.000000 29 *
29 10.000000 30 *
30 -1.000000 31 *
31 -4.000000 32 *
32 0.000000 33 *
33 0.000000 34 *
34 0.000000 35 *
35 0.000000 36 *
36 4.000000 37 *
37 -4.000000 38 *
38 5.000000 39 *
39 -5.000000 40 *
40 7.000000 41 *
41 -3.000000 42 *
42 -4.000000 43 *
43 0.000000 44 *
44 5.000000 45 *
45 0.000000 46 *
46 4.000000 47 *
47 -4.000000 48 *
48 0.000000 49 *
49 -3.000000 50 *
50 0.000000 51 *
51 0.000000 52 *
52 5.000000 53 *
53 -5.000000 54 *
54 8.000000 55 *
55 -1.000000 56 *
56 -2.000000 57 *
57 -2.000000 58 *
58 4.000000 59 *
59 -2.000000 60 *
60 -2.000000 - *
graph: B0029.mid_54
0 3.026549 1 r
1 0.000000 2 *
2 2.000000 3 *
3 2.000000 4 *
4 0.000000 5 *
5 1.000000 6 *
6 -1.000000 7 *
7 3.000000 8 *
8 -5.000000 9 *
9 0.000000 10 *
10 0.000000 11 *
11 2.000000 12 *
12 1.000000 13 *
13 0.000000 14 *
14 4.000000 15 *
15 -2.000000 16 *
16 -2.000000 17 *
17 -1.000000 18 *
18 -4.000000 19 *
19 9.000000 20 *
20 0.000000 21 *
21 3.000000 22 *
22 -1.000000 23 *
23 -2.000000 24 *
24 0.000000 25 *
25 -2.000000 26 *
26 0.000000 27 *
27 5.000000 28 *
28 -5.000000 29 *
29 -3.000000 30 *
30 3.000000 31 *
31 0.000000 32 *
32 -2.000000 33 *
33 -3.000000 34 *
34 -2.000000 35 *
35 0.000000 36 *
36 9.000000 37 *
37 0.000000 38 *
38 3.000000 39 *
39 -1.000000 40 *
40 -2.000000 41 *
41 0.000000 42 *
42 -2.000000 43 *
43 0.000000 44 *
44 5.000000 45 *
45 -5.000000 46 *
46 -3.000000 47 *
47 3.000000 48 *
48 0.000000 49 *
49 -2.000000 50 *
50 -3.000000 51 *
51 -2.000000 - *
graph: B0031.mid_55
0 3.355482 1 r
1 -12.000000 2 *
2 4.000000 3 *
3 -4.000000 4 *
4 7.000000 5 *
5 2.000000 6 *
6 2.000000 7 *
7 1.000000 8 *
8 2.000000 9 *
9 2.000000 10 *
10 -4.000000 11 *
11 -1.000000 12 *
12 -2.000000 13 *
13 0.000000 14 *
14 -2.000000 15 *
15 2.000000 16 *
16 -4.000000 17 *
17 2.000000 18 *
18 0.000000 19 *
19 -3.000000 20 *
20 0.000000 21 *
21 -2.000000 22 *
22 5.000000 23 *
23 0.000000 24 *
24 -1.000000 25 *
25 1.000000 26 *
26 2.000000 27 *
27 2.000000 28 *
28 -2.000000 29 *
29 -2.000000 30 *
30 0.000000 31 *
31 0.000000 32 *
32 -5.000000 33 *
33 0.000000 34 *
34 2.000000 35 *
35 1.000000 36 *
36 2.000000 37 *
37 -3.000000 38 *
38 1.000000 39 *
39 0.000000 40 *
40 6.000000 41 *
41 -4.000000 42 *
42 5.000000 43 *
43 -5.000000 44 *
44 7.000000 45 *
45 -3.000000 46 *
46 3.000000 47 *
47 2.000000 48 *
48 -2.000000 49 *
49 -2.000000 50 *
50 -1.000000 51 *
51 -2.000000 52 *
52 5.000000 53 *
53 -2.000000 54 *
54 -1.000000 55 *
55 1.000000 - *
graph: B0033.mid_56
0 3.269909 1 r
1 0.000000 2 *
2 4.000000 3 *
3 -2.000000 4 *
4 3.000000 5 *
5 -1.000000 6 *
6 -2.000000 7 *
7 -2.000000 8 *
8 4.000000 9 *
9 -4.000000 10 *
10 0.000000 11 *
11 5.000000 12 *
12 0.000000 13 *
13 -3.000000 14 *
14 0.000000 15 *
15 5.000000 16 *
16 0.000000 17 *
17 -3.000000 18 *
18 0.000000 19 *
19 5.000000 20 *
20 -2.000000 21 *
21 -2.000000 22 *
22 2.000000 23 *
23 -3.000000 24 *
24 -4.000000 25 *
25 2.000000 26 *
26 5.000000 27 *
27 -7.000000 - *
graph: B0034.mid_57
0 3.532704 1 r
1 -12.000000 2 *
2 4.000000 3 *
3 3.000000 4 *
4 0.000000 5 *
5 0.000000 6 *
6 2.000000 7 *
7 2.000000 8 *
8 1.000000 9 *
9 -5.000000 10 *
10 9.000000 11 *
11 -2.000000 12 *
12 -2.000000 13 *
13 -1.000000 14 *
14 1.000000 15 *
15 -3.000000 16 *
16 -2.000000 17 *
17 0.000000 18 *
18 0.000000 19 *
19 4.000000 20 *
20 1.000000 21 *
21 2.000000 22 *
22 2.000000 23 *
23 1.000000 24 *
24 -3.000000 25 *
25 -7.000000 26 *
26 0.000000 27 *
27 9.000000 28 *
28 -4.000000 29 *
29 -3.000000 30 *
30 2.000000 31 *
31 1.000000 32 *
32 0.000000 33 *
33 4.000000 34 *
34 -2.000000 35 *
35 0.000000 36 *
36 0.000000 37 *
37 0.000000 38 *
38 0.000000 39 *
39 5.000000 40 *
40 0.000000 41 *
41 -6.000000 42 *
42 0.000000 43 *
43 1.000000 44 *
44 -3.000000 45 *
45 3.000000 46 *
46 -2.000000 47 *
47 -1.000000 48 *
48 -2.000000 49 *
49 -2.000000 50 *
50 7.000000 51 *
51 -2.000000 52 *
52 -1.000000 53 *
53 -4.000000 54 *
54 0.000000 55 *
55 9.000000 56 *
56 -2.000000 57 *
57 -2.000000 58 *
58 -5.000000 59 *
59 7.000000 60 *
60 -1.000000 61 *
61 -2.000000 62 *
62 -4.000000 63 *
63 0.000000 64 *
64 9.000000 65 *
65 -2.000000 66 *
66 -2.000000 67 *
67 0.000000 68 *
68 -1.000000 69 *
69 -2.000000 70 *
70 0.000000 71 *
71 0.000000 72 *
72 4.000000 73 *
73 1.000000 74 *
74 2.000000 75 *
75 1.000000 76 *
76 -10.000000 77 *
77 0.000000 78 *
78 2.000000 79 *
79 2.000000 80 *
80 1.000000 81 *
81 2.000000 82 *
82 2.000000 83 *
83 0.000000 84 *
84 0.000000 85 *
85 1.000000 86 *
86 -1.000000 87 *
87 -2.000000 88 *
88 -2.000000 89 *
89 7.000000 90 *
90 -2.000000 91 *
91 -1.000000 92 *
92 0.000000 93 *
93 -2.000000 94 *
94 -2.000000 95 *
95 -5.000000 96 *
96 0.000000 97 *
97 0.000000 98 *
98 5.000000 99 *
99 4.000000 100 *
100 -2.000000 101 *
101 -2.000000 - *
graph: B0035.mid_58
0 4.294292 1 r
1 0.000000 2 *
2 2.000000 3 *
3 -2.000000 4 *
4 0.000000 5 *
5 -8.000000 6 *
6 3.000000 7 *
7 5.000000 8 *
8 2.000000 9 *
9 -2.000000 10 *
10 -1.000000 11 *
11 3.000000 12 *
12 -9.000000 13 *
13 2.000000 14 *
14 9.000000 15 *
15 -2.000000 16 *
16 -2.000000 17 *
17 -1.000000 18 *
18 -6.000000 19 *
19 7.000000 20 *
20 -1.000000 21 *
21 -2.000000 22 *
22 -2.000000 23 *
23 5.000000 24 *
24 -8.000000 25 *
25 8.000000 26 *
26 2.000000 27 *
27 -2.000000 28 *
28 0.000000 29 *
29 -8.000000 30 *
30 3.000000 31 *
31 5.000000 32 *
32 2.000000 33 *
33 -2.000000 34 *
34 -1.000000 35 *
35 3.000000 36 *
36 -9.000000 37 *
37 2.000000 38 *
38 9.000000 39 *
39 -2.000000 40 *
40 -2.000000 41 *
41 -1.000000 42 *
42 -6.000000 43 *
43 7.000000 44 *
44 -1.000000 45 *
45 -2.000000 46 *
46 -2.000000 47 *
47 5.000000 48 *
48 -8.000000 49 *
49 2.000000 50 *
50 1.000000 51 *
51 2.000000 52 *
52 2.000000 53 *
53 -2.000000 54 *
54 -2.000000 55 *
55 5.000000 56 *
56 -1.000000 57 *
57 -2.000000 58 *
58 2.000000 59 *
59 -2.000000 60 *
60 -2.000000 61 *
61 -5.000000 62 *
62 5.000000 63 *
63 4.000000 64 *
64 3.000000 65 *
65 -2.000000 66 *
66 -1.000000 67 *
67 5.000000 68 *
68 -2.000000 69 *
69 -1.000000 70 *
70 1.000000 71 *
71 -2.000000 72 *
72 -1.000000 73 *
73 -9.000000 74 *
74 5.000000 75 *
75 4.000000 76 *
76 3.000000 77 *
77 -2.000000 78 *
78 -1.000000 79 *
79 -4.000000 80 *
80 4.000000 81 *
81 3.000000 82 *
82 3.000000 83 *
83 -1.000000 84 *
84 -2.000000 85 *
85 2.000000 86 *
86 -2.000000 87 *
87 -2.000000 88 *
88 -1.000000 89 *
89 -9.000000 90 *
90 3.000000 91 *
91 7.000000 92 *
92 -1.000000 93 *
93 -2.000000 94 *
94 -2.000000 95 *
95 -7.000000 96 *
96 4.000000 97 *
97 0.000000 98 *
98 3.000000 99 *
99 5.000000 100 *
100 4.000000 101 *
101 -9.000000 102 *
102 10.000000 103 *
103 -1.000000 104 *
104 0.000000 105 *
105 -2.000000 106 *
106 -2.000000 107 *
107 4.000000 108 *
108 -2.000000 109 *
109 -2.000000 110 *
110 -1.000000 111 *
111 -9.000000 112 *
112 3.000000 113 *
113 7.000000 114 *
114 -1.000000 115 *
115 -2.000000 116 *
116 -2.000000 117 *
117 -7.000000 118 *
118 4.000000 119 *
119 0.000000 120 *
120 3.000000 121 *
121 5.000000 122 *
122 4.000000 123 *
123 -9.000000 124 *
124 10.000000 125 *
125 -1.000000 126 *
126 0.000000 127 *
127 -2.000000 128 *
128 -2.000000 - *
graph: B0036.mid_59
0 3.840139 1 r
1 0.000000 2 *
2 2.000000 3 *
3 2.000000 4 *
4 -9.000000 5 *
5 9.000000 6 *
6 -2.000000 7 *
7 -2.000000 8 *
8 2.000000 9 *
9 -5.000000 10 *
10 5.000000 11 *
11 3.000000 12 *
12 4.000000 13 *
13 -2.000000 14 *
14 -5.000000 15 *
15 5.000000 16 *
16 2.000000 17 *
17 -7.000000 18 *
18 3.000000 19 *
19 -1.000000 20 *
20 -4.000000 21 *
21 2.000000 22 *
22 2.000000 23 *
23 -9.000000 24 *
24 9.000000 25 *
25 -2.000000 26 *
26 -2.000000 27 *
27 -1.000000 28 *
28 3.000000 29 *
29 9.000000 30 *
30 -2.000000 31 *
31 -2.000000 32 *
32 -1.000000 33 *
33 1.000000 34 *
34 2.000000 35 *
35 2.000000 36 *
36 1.000000 37 *
37 -6.000000 38 *
38 1.000000 39 *
39 0.000000 40 *
40 1.000000 41 *
41 1.000000 42 *
42 -4.000000 43 *
43 7.000000 44 *
44 -1.000000 45 *
45 -2.000000 46 *
46 0.000000 47 *
47 -2.000000 48 *
48 -3.000000 49 *
49 3.000000 50 *
50 1.000000 51 *
51 3.000000 52 *
52 -2.000000 53 *
53 -2.000000 54 *
54 2.000000 55 *
55 -4.000000 56 *
56 -3.000000 57 *
57 2.000000 58 *
58 3.000000 59 *
59 1.000000 60 *
60 1.000000 61 *
61 -4.000000 62 *
62 7.000000 63 *
63 -1.000000 64 *
64 -2.000000 65 *
65 -3.000000 66 *
66 1.000000 67 *
67 9.000000 68 *
68 -2.000000 69 *
69 -2.000000 70 *
70 -1.000000 71 *
71 -4.000000 72 *
72 2.000000 73 *
73 -2.000000 74 *
74 -2.000000 75 *
75 -6.000000 76 *
76 1.000000 - *
graph: B0037.mid_60
0 3.470656 1 r
1 -5.000000 2 *
2 9.000000 3 *
3 -2.000000 4 *
4 -2.000000 5 *
5 0.000000 6 *
6 2.000000 7 *
7 -2.000000 8 *
8 -1.000000 9 *
9 -2.000000 10 *
10 -2.000000 11 *
11 -3.000000 12 *
12 3.000000 13 *
13 0.000000 14 *
14 2.000000 15 *
15 2.000000 16 *
16 1.000000 17 *
17 0.000000 18 *
18 4.000000 19 *
19 -4.000000 20 *
20 -1.000000 21 *
21 1.000000 22 *
22 2.000000 23 *
23 -7.000000 24 *
24 7.000000 25 *
25 -2.000000 26 *
26 -1.000000 27 *
27 -2.000000 28 *
28 -1.000000 29 *
29 3.000000 30 *
30 5.000000 31 *
31 -5.000000 32 *
32 3.000000 33 *
33 -2.000000 34 *
34 0.000000 35 *
35 -3.000000 36 *
36 2.000000 37 *
37 1.000000 38 *
38 2.000000 39 *
39 -3.000000 40 *
40 -4.000000 41 *
41 -5.000000 42 *
42 10.000000 43 *
43 -1.000000 44 *
44 -2.000000 45 *
45 -2.000000 46 *
46 0.000000 47 *
47 -3.000000 48 *
48 3.000000 49 *
49 5.000000 50 *
50 0.000000 51 *
51 -5.000000 52 *
52 5.000000 53 *
53 4.000000 54 *
54 0.000000 55 *
55 0.000000 56 *
56 0.000000 57 *
57 -2.000000 58 *
58 2.000000 59 *
59 1.000000 60 *
60 0.000000 61 *
61 -1.000000 62 *
62 -2.000000 63 *
63 -2.000000 64 *
64 -5.000000 65 *
65 9.000000 66 *
66 -2.000000 67 *
67 -2.000000 68 *
68 -5.000000 69 *
69 -3.000000 70 *
70 3.000000 71 *
71 5.000000 72 *
72 0.000000 73 *
73 -5.000000 74 *
74 5.000000 75 *
75 4.000000 76 *
76 0.000000 77 *
77 0.000000 78 *
78 0.000000 79 *
79 -2.000000 80 *
80 2.000000 81 *
81 1.000000 82 *
82 0.000000 83 *
83 -1.000000 84 *
84 -2.000000 85 *
85 -2.000000 86 *
86 -5.000000 87 *
87 9.000000 88 *
88 -2.000000 89 *
89 -2.000000 - *
graph: K0038.mid_61
0 3.841695 1 r
1 7.000000 2 *
2 0.000000 3 *
3 -3.000000 4 *
4 0.000000 5 *
5 -4.000000 6 *
6 0.000000 7 *
7 -5.000000 8 *
8 12.000000 9 *
9 0.000000 10 *
10 -3.000000 11 *
11 0.000000 12 *
12 -4.000000 13 *
13 0.000000 14 *
14 -5.000000 15 *
15 5.000000 16 *
16 0.000000 17 *
17 2.000000 18 *
18 0.000000 19 *
19 2.000000 20 *
20 0.000000 21 *
21 -2.000000 22 *
22 0.000000 23 *
23 2.000000 24 *
24 -4.000000 25 *
25 2.000000 26 *
26 -7.000000 27 *
27 5.000000 28 *
28 0.000000 29 *
29 0.000000 30 *
30 0.000000 - *
graph: K0040.mid_62
0 3.826599 1 r
1 7.000000 2 *
2 -3.000000 3 *
3 -2.000000 4 *
4 -2.000000 5 *
5 -5.000000 6 *
6 12.000000 7 *
7 -2.000000 8 *
8 -1.000000 9 *
9 -2.000000 10 *
10 -2.000000 11 *
11 0.000000 12 *
12 0.000000 13 *
13 2.000000 14 *
14 -2.000000 15 *
15 5.000000 16 *
16 -1.000000 17 *
17 -2.000000 18 *
18 -7.000000 19 *
19 5.000000 20 *
20 0.000000 21 *
21 2.000000 22 *
22 -2.000000 23 *
23 5.000000 24 *
24 -1.000000 25 *
25 -2.000000 26 *
26 2.000000 27 *
27 -2.000000 28 *
28 0.000000 29 *
29 -2.000000 - *
graph: K0046.mid_63
0 2.228843 1 r
1 3.000000 2 *
2 -3.000000 3 *
3 3.000000 4 *
4 -3.000000 5 *
5 1.000000 6 *
6 -1.000000 7 *
7 1.000000 8 *
8 2.000000 9 *
9 -3.000000 10 *
10 -2.000000 11 *
11 0.000000 12 *
12 3.000000 13 *
13 0.000000 14 *
14 -1.000000 15 *
15 1.000000 16 *
16 2.000000 17 *
17 -5.000000 18 *
18 0.000000 19 *
19 3.000000 20 *
20 0.000000 21 *
21 -1.000000 22 *
22 1.000000 23 *
23 2.000000 24 *
24 0.000000 25 *
25 -3.000000 26 *
26 3.000000 27 *
27 -3.000000 28 *
28 1.000000 29 *
29 -1.000000 30 *
30 1.000000 31 *
31 2.000000 32 *
32 -3.000000 - *
graph: K0050.mid_64
0 3.630356 1 r
1 7.000000 2 *
2 2.000000 3 *
3 -2.000000 4 *
4 -3.000000 5 *
5 -2.000000 6 *
6 2.000000 7 *
7 -4.000000 8 *
8 -1.000000 9 *
9 1.000000 10 *
10 -5.000000 11 *
11 12.000000 12 *
12 2.000000 13 *
13 -2.000000 14 *
14 -3.000000 15 *
15 -2.000000 16 *
16 2.000000 17 *
17 -4.000000 18 *
18 -1.000000 19 *
19 1.000000 20 *
20 -5.000000 21 *
21 5.000000 22 *
22 -1.000000 23 *
23 1.000000 24 *
24 2.000000 25 *
25 -2.000000 26 *
26 2.000000 27 *
27 5.000000 28 *
28 0.000000 29 *
29 0.000000 30 *
30 -5.000000 31 *
31 3.000000 32 *
32 -1.000000 33 *
33 -2.000000 34 *
34 -2.000000 35 *
35 0.000000 36 *
36 2.000000 37 *
37 -7.000000 38 *
38 5.000000 39 *
39 0.000000 40 *
40 0.000000 - *
graph: K0054A.mid_65
0 2.129163 1 r
1 7.000000 2 *
2 2.000000 3 *
3 -2.000000 4 *
4 -2.000000 5 *
5 -1.000000 6 *
6 0.000000 7 *
7 0.000000 8 *
8 -2.000000 9 *
9 -2.000000 10 *
10 2.000000 11 *
11 -2.000000 12 *
12 4.000000 13 *
13 3.000000 14 *
14 2.000000 15 *
15 -2.000000 16 *
16 -2.000000 17 *
17 -1.000000 18 *
18 0.000000 19 *
19 0.000000 20 *
20 -2.000000 21 *
21 -2.000000 22 *
22 2.000000 23 *
23 -2.000000 24 *
24 2.000000 25 *
25 0.000000 26 *
26 0.000000 27 *
27 2.000000 28 *
28 0.000000 29 *
29 0.000000 30 *
30 1.000000 31 *
31 0.000000 32 *
32 -1.000000 33 *
33 -2.000000 34 *
34 -2.000000 35 *
35 4.000000 36 *
36 3.000000 37 *
37 2.000000 38 *
38 -2.000000 39 *
39 -2.000000 40 *
40 -1.000000 41 *
41 0.000000 42 *
42 0.000000 43 *
43 -2.000000 44 *
44 -2.000000 45 *
45 2.000000 46 *
46 -2.000000 - *
graph: K0055A.mid_66
0 2.490799 1 r
1 7.000000 2 *
2 -2.000000 3 *
3 -1.000000 4 *
4 -2.000000 5 *
5 -2.000000 6 *
6 0.000000 7 *
7 0.000000 8 *
8 4.000000 9 *
9 3.000000 10 *
10 0.000000 11 *
11 2.000000 12 *
12 -2.000000 13 *
13 -7.000000 14 *
14 4.000000 15 *
15 3.000000 16 *
16 -2.000000 17 *
17 -1.000000 18 *
18 -2.000000 19 *
19 -2.000000 20 *
20 0.000000 21 *
21 0.000000 22 *
22 4.000000 23 *
23 3.000000 24 *
24 0.000000 25 *
25 2.000000 26 *
26 -2.000000 27 *
27 -3.000000 28 *
28 -2.000000 29 *
29 0.000000 30 *
30 0.000000 31 *
31 0.000000 32 *
32 2.000000 33 *
33 1.000000 34 *
34 2.000000 35 *
35 -2.000000 36 *
36 -1.000000 37 *
37 -2.000000 38 *
38 -2.000000 39 *
39 4.000000 40 *
40 3.000000 41 *
41 -2.000000 42 *
42 -1.000000 43 *
43 -2.000000 44 *
44 -2.000000 45 *
45 0.000000 46 *
46 0.000000 47 *
47 2.000000 48 *
48 2.000000 49 *
49 -2.000000 50 *
50 -2.000000 - *
graph: K0056.mid_67
0 4.173650 1 r
1 12.000000 2 *
2 -2.000000 3 *
3 -1.000000 4 *
4 -2.000000 5 *
5 -2.000000 6 *
6 -5.000000 7 *
7 12.000000 8 *
8 -2.000000 9 *
9 -1.000000 10 *
10 -2.000000 11 *
11 -2.000000 12 *
12 -5.000000 13 *
13 5.000000 14 *
14 0.000000 15 *
15 2.000000 16 *
16 5.000000 17 *
17 -3.000000 18 *
18 0.000000 19 *
19 -2.000000 20 *
20 -2.000000 21 *
21 0.000000 22 *
22 2.000000 23 *
23 5.000000 24 *
24 -3.000000 25 *
25 0.000000 26 *
26 -2.000000 27 *
27 5.000000 28 *
28 -2.000000 29 *
29 -1.000000 30 *
30 -2.000000 31 *
31 -2.000000 32 *
32 -5.000000 - *
graph: K0057.mid_68
0 3.335416 1 r
1 9.000000 2 *
2 0.000000 3 *
3 -2.000000 4 *
4 0.000000 5 *
5 -2.000000 6 *
6 -5.000000 7 *
7 9.000000 8 *
8 0.000000 9 *
9 -2.000000 10 *
10 0.000000 11 *
11 -2.000000 12 *
12 -5.000000 13 *
13 9.000000 14 *
14 0.000000 15 *
15 0.000000 16 *
16 0.000000 17 *
17 1.000000 18 *
18 0.000000 19 *
19 0.000000 20 *
20 0.000000 21 *
21 -3.000000 22 *
22 0.000000 23 *
23 0.000000 24 *
24 0.000000 25 *
25 2.000000 26 *
26 0.000000 27 *
27 0.000000 28 *
28 0.000000 29 *
29 0.000000 30 *
30 -2.000000 31 *
31 0.000000 32 *
32 -2.000000 33 *
33 -5.000000 - *
graph: K0059.mid_69
0 3.505098 1 r
1 9.000000 2 *
2 0.000000 3 *
3 -2.000000 4 *
4 0.000000 5 *
5 -2.000000 6 *
6 -5.000000 7 *
7 0.000000 8 *
8 9.000000 9 *
9 0.000000 10 *
10 -2.000000 11 *
11 0.000000 12 *
12 -2.000000 13 *
13 -5.000000 14 *
14 0.000000 15 *
15 9.000000 16 *
16 0.000000 17 *
17 0.000000 18 *
18 3.000000 19 *
19 0.000000 20 *
20 -2.000000 21 *
21 0.000000 22 *
22 -1.000000 23 *
23 -2.000000 24 *
24 0.000000 25 *
25 0.000000 26 *
26 3.000000 27 *
27 0.000000 28 *
28 -1.000000 29 *
29 0.000000 30 *
30 -4.000000 31 *
31 4.000000 32 *
32 0.000000 33 *
33 -2.000000 34 *
34 0.000000 35 *
35 0.000000 36 *
36 -2.000000 37 *
37 -5.000000 38 *
38 9.000000 39 *
39 0.000000 40 *
40 -2.000000 41 *
41 0.000000 42 *
42 -2.000000 43 *
43 -5.000000 - *
graph: K0078.mid_70
0 2.714484 1 r
1 0.000000 2 *
2 0.000000 3 *
3 0.000000 4 *
4 7.000000 5 *
5 0.000000 6 *
6 0.000000 7 *
7 2.000000 8 *
8 0.000000 9 *
9 0.000000 10 *
10 -2.000000 11 *
11 -2.000000 12 *
12 0.000000 13 *
13 0.000000 14 *
14 -1.000000 15 *
15 0.000000 16 *
16 0.000000 17 *
17 -2.000000 18 *
18 0.000000 19 *
19 5.000000 20 *
20 -7.000000 - *
graph: K0083.mid_71
0 3.144660 1 r
1 7.000000 2 *
2 -5.000000 3 *
3 -2.000000 4 *
4 0.000000 5 *
5 0.000000 6 *
6 2.000000 7 *
7 0.000000 8 *
8 0.000000 9 *
9 2.000000 10 *
10 -2.000000 11 *
11 5.000000 12 *
12 0.000000 13 *
13 0.000000 14 *
14 -5.000000 15 *
15 0.000000 16 *
16 2.000000 17 *
17 -2.000000 18 *
18 2.000000 19 *
19 -4.000000 20 *
20 7.000000 21 *
21 0.000000 22 *
22 0.000000 23 *
23 -5.000000 24 *
24 0.000000 25 *
25 2.000000 26 *
26 -2.000000 27 *
27 2.000000 28 *
28 -4.000000 29 *
29 0.000000 30 *
30 2.000000 31 *
31 2.000000 32 *
32 0.000000 33 *
33 0.000000 34 *
34 -2.000000 35 *
35 0.000000 36 *
36 5.000000 37 *
37 -7.000000 - *
graph: K0089.mid_72
0 2.399495 1 r
1 7.000000 2 *
2 0.000000 3 *
3 -2.000000 4 *
4 -1.000000 5 *
5 -2.000000 6 *
6 -2.000000 7 *
7 0.000000 8 *
8 2.000000 9 *
9 2.000000 10 *
10 1.000000 11 *
11 2.000000 12 *
12 0.000000 13 *
13 2.000000 14 *
14 -2.000000 15 *
15 -2.000000 16 *
16 0.000000 17 *
17 -3.000000 18 *
18 2.000000 19 *
19 -2.000000 20 *
20 -2.000000 21 *
21 2.000000 22 *
22 0.000000 23 *
23 -3.000000 24 *
24 1.000000 25 *
25 7.000000 26 *
26 0.000000 27 *
27 -3.000000 28 *
28 1.000000 29 *
29 0.000000 30 *
30 -3.000000 31 *
31 2.000000 32 *
32 -4.000000 33 *
33 0.000000 34 *
34 2.000000 35 *
35 5.000000 36 *
36 0.000000 37 *
37 -3.000000 38 *
38 1.000000 39 *
39 -3.000000 40 *
40 2.000000 41 *
41 0.000000 42 *
42 -4.000000 43 *
43 2.000000 44 *
44 5.000000 45 *
45 0.000000 46 *
46 -2.000000 47 *
47 -1.000000 48 *
48 -2.000000 49 *
49 -2.000000 50 *
50 0.000000 51 *
51 2.000000 52 *
52 2.000000 53 *
53 1.000000 54 *
54 2.000000 55 *
55 0.000000 56 *
56 2.000000 57 *
57 -2.000000 58 *
58 -2.000000 59 *
59 0.000000 60 *
60 -3.000000 61 *
61 2.000000 62 *
62 -2.000000 63 *
63 -2.000000 64 *
64 2.000000 65 *
65 0.000000 66 *
66 -3.000000 67 *
67 1.000000 - *
graph: K0090.mid_73
0 2.809757 1 r
1 7.000000 2 *
2 -2.000000 3 *
3 2.000000 4 *
4 -5.000000 5 *
5 2.000000 6 *
6 1.000000 7 *
7 -1.000000 8 *
8 0.000000 9 *
9 -2.000000 10 *
10 5.000000 11 *
11 0.000000 12 *
12 -2.000000 13 *
13 -3.000000 14 *
14 -2.000000 15 *
15 2.000000 16 *
16 2.000000 17 *
17 0.000000 18 *
18 -2.000000 19 *
19 0.000000 20 *
20 -2.000000 - *
graph: K0097A.mid_74
0 2.713602 1 r
1 4.000000 2 *
2 3.000000 3 *
3 -3.000000 4 *
4 0.000000 5 *
5 0.000000 6 *
6 -2.000000 7 *
7 0.000000 8 *
8 3.000000 9 *
9 -3.000000 10 *
10 0.000000 11 *
11 2.000000 12 *
12 0.000000 13 *
13 3.000000 14 *
14 -7.000000 15 *
15 0.000000 16 *
16 4.000000 17 *
17 -2.000000 18 *
18 0.000000 19 *
19 3.000000 20 *
20 -6.000000 21 *
21 0.000000 22 *
22 1.000000 23 *
23 -5.000000 24 *
24 0.000000 25 *
25 5.000000 26 *
26 0.000000 27 *
27 -1.000000 28 *
28 3.000000 29 *
29 0.000000 30 *
30 0.000000 31 *
31 3.000000 32 *
32 4.000000 33 *
33 -2.000000 34 *
34 -3.000000 35 *
35 -2.000000 36 *
36 0.000000 37 *
37 2.000000 38 *
38 -2.000000 39 *
39 -2.000000 40 *
40 0.000000 41 *
41 4.000000 42 *
42 -2.000000 43 *
43 -2.000000 44 *
44 -1.000000 45 *
45 1.000000 - *
graph: K0108.mid_75
0 2.572039 1 r
1 4.000000 2 *
2 -2.000000 3 *
3 0.000000 4 *
4 -2.000000 5 *
5 2.000000 6 *
6 2.000000 7 *
7 1.000000 8 *
8 0.000000 9 *
9 -1.000000 10 *
10 3.000000 11 *
11 -5.000000 12 *
12 -2.000000 13 *
13 4.000000 14 *
14 3.000000 15 *
15 0.000000 16 *
16 5.000000 17 *
17 -3.000000 18 *
18 0.000000 19 *
19 -2.000000 20 *
20 0.000000 21 *
21 -3.000000 22 *
22 -2.000000 23 *
23 3.000000 24 *
24 -3.000000 25 *
25 -2.000000 26 *
26 -1.000000 27 *
27 1.000000 - *
graph: K0109.mid_76
0 2.700060 1 r
1 7.000000 2 *
2 0.000000 3 *
3 -2.000000 4 *
4 -3.000000 5 *
5 -2.000000 6 *
6 4.000000 7 *
7 3.000000 8 *
8 0.000000 9 *
9 -2.000000 10 *
10 -3.000000 11 *
11 -2.000000 12 *
12 0.000000 13 *
13 2.000000 14 *
14 0.000000 15 *
15 0.000000 16 *
16 0.000000 17 *
17 5.000000 18 *
18 0.000000 19 *
19 -3.000000 20 *
20 -4.000000 21 *
21 2.000000 22 *
22 0.000000 23 *
23 0.000000 24 *
24 0.000000 25 *
25 5.000000 26 *
26 0.000000 27 *
27 -3.000000 28 *
28 3.000000 29 *
29 0.000000 30 *
30 -2.000000 31 *
31 -3.000000 32 *
32 -2.000000 - *
graph: K0110.mid_77
0 2.220413 1 r
1 4.000000 2 *
2 -2.000000 3 *
3 -2.000000 4 *
4 2.000000 5 *
5 -2.000000 6 *
6 0.000000 7 *
7 4.000000 8 *
8 3.000000 9 *
9 2.000000 10 *
10 -2.000000 11 *
11 -2.000000 12 *
12 -3.000000 13 *
13 5.000000 14 *
14 -3.000000 15 *
15 0.000000 16 *
16 0.000000 17 *
17 1.000000 18 *
18 -1.000000 19 *
19 1.000000 20 *
20 -3.000000 21 *
21 2.000000 22 *
22 1.000000 23 *
23 0.000000 24 *
24 2.000000 25 *
25 -2.000000 26 *
26 2.000000 27 *
27 -3.000000 28 *
28 -2.000000 29 *
29 2.000000 30 *
30 1.000000 31 *
31 -1.000000 32 *
32 1.000000 33 *
33 -3.000000 34 *
34 2.000000 35 *
35 1.000000 36 *
36 2.000000 37 *
37 -2.000000 38 *
38 2.000000 39 *
39 -3.000000 40 *
40 0.000000 41 *
41 -2.000000 42 *
42 -2.000000 43 *
43 2.000000 44 *
44 -2.000000 - *
graph: K0112.mid_78
0 2.112235 1 r
1 4.000000 2 *
2 0.000000 3 *
3 -2.000000 4 *
4 -2.000000 5 *
5 0.000000 6 *
6 4.000000 7 *
7 0.000000 8 *
8 -2.000000 9 *
9 -2.000000 10 *
10 0.000000 11 *
11 4.000000 12 *
12 0.000000 13 *
13 0.000000 14 *
14 1.000000 15 *
15 0.000000 16 *
16 0.000000 17 *
17 -3.000000 18 *
18 0.000000 19 *
19 0.000000 20 *
20 0.000000 21 *
21 5.000000 22 *
22 0.000000 23 *
23 0.000000 24 *
24 -3.000000 25 *
25 0.000000 26 *
26 -2.000000 27 *
27 -2.000000 - *
graph: K0113.mid_79
0 2.744974 1 r
1 -4.000000 2 *
2 7.000000 3 *
3 0.000000 4 *
4 2.000000 5 *
5 0.000000 6 *
6 -2.000000 7 *
7 -3.000000 8 *
8 -4.000000 9 *
9 7.000000 10 *
10 0.000000 11 *
11 2.000000 12 *
12 0.000000 13 *
13 -2.000000 14 *
14 -3.000000 15 *
15 3.000000 16 *
16 0.000000 17 *
17 -2.000000 18 *
18 -3.000000 19 *
19 2.000000 20 *
20 1.000000 21 *
21 2.000000 22 *
22 -3.000000 23 *
23 3.000000 24 *
24 -2.000000 25 *
25 -3.000000 26 *
26 2.000000 27 *
27 1.000000 28 *
28 2.000000 29 *
29 -3.000000 30 *
30 3.000000 31 *
31 0.000000 32 *
32 -2.000000 33 *
33 -3.000000 34 *
34 2.000000 35 *
35 1.000000 36 *
36 2.000000 37 *
37 -3.000000 38 *
38 3.000000 39 *
39 -2.000000 40 *
40 -3.000000 41 *
41 2.000000 42 *
42 1.000000 43 *
43 2.000000 44 *
44 -3.000000 - *
graph: K0115A.mid_80
0 2.518226 1 r
1 7.000000 2 *
2 -3.000000 3 *
3 3.000000 4 *
4 0.000000 5 *
5 -3.000000 6 *
6 3.000000 7 *
7 0.000000 8 *
8 -3.000000 9 *
9 0.000000 10 *
10 5.000000 11 *
11 -2.000000 12 *
12 -3.000000 13 *
13 3.000000 14 *
14 0.000000 15 *
15 -3.000000 16 *
16 5.000000 17 *
17 -2.000000 18 *
18 -3.000000 19 *
19 -4.000000 20 *
20 2.000000 21 *
21 2.000000 22 *
22 1.000000 23 *
23 2.000000 24 *
24 0.000000 25 *
25 0.000000 26 *
26 2.000000 27 *
27 -2.000000 28 *
28 -2.000000 29 *
29 -1.000000 30 *
30 0.000000 31 *
31 -2.000000 32 *
32 0.000000 33 *
33 0.000000 34 *
34 -2.000000 35 *
35 0.000000 36 *
36 2.000000 37 *
37 2.000000 38 *
38 0.000000 39 *
39 1.000000 40 *
40 -3.000000 41 *
41 0.000000 42 *
42 -2.000000 - *
graph: K0121A.mid_81
0 3.189657 1 r
1 7.000000 2 *
2 -3.000000 3 *
3 5.000000 4 *
4 -2.000000 5 *
5 0.000000 6 *
6 -2.000000 7 *
7 -1.000000 8 *
8 3.000000 9 *
9 0.000000 10 *
10 -3.000000 11 *
11 5.000000 12 *
12 -2.000000 13 *
13 0.000000 14 *
14 -2.000000 15 *
15 -1.000000 16 *
16 -9.000000 17 *
17 5.000000 18 *
18 0.000000 19 *
19 2.000000 20 *
20 0.000000 21 *
21 2.000000 22 *
22 -2.000000 23 *
23 -7.000000 24 *
24 5.000000 25 *
25 0.000000 26 *
26 2.000000 27 *
27 0.000000 28 *
28 2.000000 29 *
29 -2.000000 30 *
30 0.000000 31 *
31 -2.000000 32 *
32 0.000000 33 *
33 2.000000 34 *
34 0.000000 35 *
35 2.000000 36 *
36 0.000000 37 *
37 -2.000000 38 *
38 3.000000 39 *
39 -1.000000 40 *
40 -4.000000 41 *
41 0.000000 42 *
42 2.000000 43 *
43 -7.000000 44 *
44 0.000000 45 *
45 5.000000 46 *
46 0.000000 47 *
47 0.000000 - *
graph: K0121B.mid_82
0 3.436499 1 r
1 7.000000 2 *
2 -2.000000 3 *
3 -1.000000 4 *
4 -2.000000 5 *
5 -2.000000 6 *
6 0.000000 7 *
7 -5.000000 8 *
8 12.000000 9 *
9 -2.000000 10 *
10 -1.000000 11 *
11 -2.000000 12 *
12 -2.000000 13 *
13 0.000000 14 *
14 -5.000000 15 *
15 0.000000 16 *
16 5.000000 17 *
17 2.000000 18 *
18 2.000000 19 *
19 3.000000 20 *
20 0.000000 21 *
21 -2.000000 22 *
22 -3.000000 23 *
23 -2.000000 24 *
24 2.000000 25 *
25 2.000000 26 *
26 3.000000 27 *
27 0.000000 28 *
28 -2.000000 29 *
29 -3.000000 30 *
30 5.000000 31 *
31 -2.000000 32 *
32 -1.000000 33 *
33 -4.000000 34 *
34 5.000000 35 *
35 4.000000 36 *
36 -2.000000 37 *
37 -2.000000 38 *
38 -3.000000 39 *
39 2.000000 40 *
40 -4.000000 41 *
41 2.000000 42 *
42 -3.000000 43 *
43 1.000000 - *
graph: K0122.mid_83
0 2.705009 1 r
1 4.000000 2 *
2 -2.000000 3 *
3 0.000000 4 *
4 -2.000000 5 *
5 0.000000 6 *
6 -5.000000 7 *
7 9.000000 8 *
8 0.000000 9 *
9 -2.000000 10 *
10 0.000000 11 *
11 -2.000000 12 *
12 0.000000 13 *
13 -5.000000 14 *
14 5.000000 15 *
15 4.000000 16 *
16 0.000000 17 *
17 3.000000 18 *
18 0.000000 19 *
19 -2.000000 20 *
20 -1.000000 21 *
21 -2.000000 22 *
22 0.000000 23 *
23 0.000000 24 *
24 3.000000 25 *
25 0.000000 26 *
26 -1.000000 27 *
27 -4.000000 28 *
28 4.000000 29 *
29 0.000000 30 *
30 3.000000 31 *
31 0.000000 32 *
32 -2.000000 33 *
33 0.000000 34 *
34 -1.000000 35 *
35 -2.000000 36 *
36 0.000000 37 *
37 0.000000 38 *
38 3.000000 39 *
39 -1.000000 40 *
40 0.000000 41 *
41 -2.000000 42 *
42 -2.000000 - *
graph: K0129.mid_84
0 3.403852 1 r
1 7.000000 2 *
2 -2.000000 3 *
3 -1.000000 4 *
4 1.000000 5 *
5 -1.000000 6 *
6 -2.000000 7 *
7 2.000000 8 *
8 -2.000000 9 *
9 -2.000000 10 *
10 7.000000 11 *
11 -2.000000 12 *
12 -1.000000 13 *
13 1.000000 14 *
14 -1.000000 15 *
15 -2.000000 16 *
16 2.000000 17 *
17 -2.000000 18 *
18 -2.000000 19 *
19 4.000000 20 *
20 -2.000000 21 *
21 2.000000 22 *
22 2.000000 23 *
23 1.000000 24 *
24 -5.000000 25 *
25 -3.000000 26 *
26 1.000000 27 *
27 -3.000000 28 *
28 5.000000 29 *
29 -7.000000 30 *
30 9.000000 31 *
31 -2.000000 32 *
32 2.000000 33 *
33 2.000000 34 *
34 1.000000 35 *
35 -5.000000 36 *
36 -3.000000 37 *
37 1.000000 38 *
38 -3.000000 39 *
39 5.000000 40 *
40 -7.000000 41 *
41 10.000000 42 *
42 -1.000000 43 *
43 -2.000000 44 *
44 0.000000 45 *
45 0.000000 46 *
46 -2.000000 47 *
47 0.000000 48 *
48 -1.000000 49 *
49 -2.000000 50 *
50 2.000000 51 *
51 1.000000 52 *
52 5.000000 53 *
53 -1.000000 54 *
54 -2.000000 55 *
55 0.000000 56 *
56 0.000000 57 *
57 -2.000000 58 *
58 0.000000 59 *
59 -1.000000 60 *
60 -2.000000 61 *
61 2.000000 62 *
62 1.000000 63 *
63 -5.000000 64 *
64 5.000000 65 *
65 0.000000 66 *
66 0.000000 67 *
67 3.000000 68 *
68 -1.000000 69 *
69 -2.000000 70 *
70 -1.000000 71 *
71 1.000000 72 *
72 2.000000 73 *
73 -7.000000 74 *
74 0.000000 75 *
75 5.000000 76 *
76 0.000000 77 *
77 0.000000 78 *
78 3.000000 79 *
79 -1.000000 80 *
80 -2.000000 81 *
81 -1.000000 82 *
82 1.000000 83 *
83 2.000000 84 *
84 -7.000000 85 *
85 9.000000 86 *
86 -4.000000 87 *
87 4.000000 88 *
88 -4.000000 - *
graph: K0130.mid_85
0 2.424621 1 r
1 0.000000 2 *
2 0.000000 3 *
3 0.000000 4 *
4 4.000000 5 *
5 -4.000000 6 *
6 7.000000 7 *
7 0.000000 8 *
8 0.000000 9 *
9 0.000000 10 *
10 2.000000 11 *
11 -2.000000 12 *
12 -3.000000 13 *
13 1.000000 14 *
14 2.000000 15 *
15 0.000000 16 *
16 0.000000 17 *
17 0.000000 18 *
18 0.000000 19 *
19 -3.000000 20 *
20 3.000000 21 *
21 0.000000 22 *
22 -3.000000 23 *
23 3.000000 24 *
24 -2.000000 25 *
25 -1.000000 26 *
26 -2.000000 27 *
27 0.000000 28 *
28 -2.000000 29 *
29 4.000000 30 *
30 3.000000 31 *
31 -3.000000 32 *
32 -2.000000 33 *
33 0.000000 34 *
34 -2.000000 - *
graph: K0150.mid_86
0 3.701351 1 r
1 0.000000 2 *
2 0.000000 3 *
3 5.000000 4 *
4 0.000000 5 *
5 -5.000000 6 *
6 0.000000 7 *
7 5.000000 8 *
8 0.000000 9 *
9 -5.000000 10 *
10 0.000000 11 *
11 5.000000 12 *
12 0.000000 13 *
13 -5.000000 14 *
14 0.000000 15 *
15 5.000000 16 *
16 0.000000 17 *
17 7.000000 18 *
18 -3.000000 19 *
19 -4.000000 20 *
20 -5.000000 21 *
21 0.000000 - *
graph: K0222.mid_87
0 3.569417 1 r
1 7.000000 2 *
2 0.000000 3 *
3 -3.000000 4 *
4 -4.000000 5 *
5 9.000000 6 *
6 0.000000 7 *
7 -2.000000 8 *
8 -2.000000 9 *
9 0.000000 10 *
10 -1.000000 11 *
11 0.000000 12 *
12 -2.000000 13 *
13 0.000000 14 *
14 -2.000000 15 *
15 7.000000 16 *
16 0.000000 17 *
17 -3.000000 18 *
18 -4.000000 19 *
19 9.000000 20 *
20 0.000000 21 *
21 -2.000000 22 *
22 -2.000000 23 *
23 0.000000 24 *
24 -1.000000 25 *
25 0.000000 26 *
26 -2.000000 27 *
27 0.000000 28 *
28 -2.000000 - *
graph: K0259.mid_88
0 2.573070 1 r
1 7.000000 2 *
2 -3.000000 3 *
3 -2.000000 4 *
4 -2.000000 5 *
5 7.000000 6 *
6 0.000000 7 *
7 -2.000000 8 *
8 -1.000000 9 *
9 -2.000000 10 *
10 -2.000000 11 *
11 0.000000 12 *
12 4.000000 13 *
13 0.000000 14 *
14 0.000000 15 *
15 0.000000 16 *
16 1.000000 17 *
17 0.000000 18 *
18 0.000000 19 *
19 -3.000000 20 *
20 0.000000 21 *
21 0.000000 22 *
22 0.000000 23 *
23 5.000000 24 *
24 0.000000 25 *
25 0.000000 26 *
26 0.000000 27 *
27 -2.000000 28 *
28 -1.000000 29 *
29 -2.000000 30 *
30 -2.000000 - *
graph: K0260.mid_89
0 2.723849 1 r
1 7.000000 2 *
2 -3.000000 3 *
3 -2.000000 4 *
4 -2.000000 5 *
5 0.000000 6 *
6 7.000000 7 *
7 0.000000 8 *
8 -3.000000 9 *
9 -2.000000 10 *
10 -2.000000 11 *
11 0.000000 12 *
12 2.000000 13 *
13 0.000000 14 *
14 0.000000 15 *
15 0.000000 16 *
16 2.000000 17 *
17 -2.000000 18 *
18 -2.000000 19 *
19 0.000000 20 *
20 2.000000 21 *
21 0.000000 22 *
22 0.000000 23 *
23 0.000000 24 *
24 2.000000 25 *
25 -2.000000 26 *
26 -2.000000 27 *
27 0.000000 28 *
28 7.000000 29 *
29 0.000000 30 *
30 -3.000000 31 *
31 -2.000000 32 *
32 -2.000000 - *
graph: K0298.mid_90
0 2.868322 1 r
1 0.000000 2 *
2 2.000000 3 *
3 2.000000 4 *
4 -2.000000 5 *
5 -2.000000 6 *
6 4.000000 7 *
7 -2.000000 8 *
8 -3.000000 9 *
9 1.000000 10 *
10 0.000000 11 *
11 0.000000 12 *
12 2.000000 13 *
13 0.000000 14 *
14 2.000000 15 *
15 -2.000000 16 *
16 -2.000000 17 *
17 4.000000 18 *
18 -2.000000 19 *
19 -3.000000 20 *
20 1.000000 21 *
21 7.000000 22 *
22 -2.000000 23 *
23 -3.000000 24 *
24 0.000000 25 *
25 5.000000 26 *
26 -3.000000 27 *
27 -4.000000 28 *
28 0.000000 29 *
29 7.000000 30 *
30 -2.000000 31 *
31 -3.000000 32 *
32 0.000000 33 *
33 5.000000 34 *
34 -3.000000 35 *
35 -4.000000 36 *
36 0.000000 37 *
37 0.000000 38 *
38 2.000000 39 *
39 2.000000 40 *
40 -2.000000 41 *
41 -2.000000 42 *
42 4.000000 43 *
43 -2.000000 44 *
44 -3.000000 45 *
45 1.000000 - *
